9299	10	3652	55.972923601	37.409092746	2016-04-15T21:00:00.000Z	2016-04-16T20:45:00.000Z	671
9349	10	6447	55.634600368	37.398599475	2016-04-15T21:00:00.000Z	2016-04-16T20:45:00.000Z	475
9346	10	8238	55.857208649	37.650428561	2016-04-15T21:00:00.000Z	2016-04-16T20:45:00.000Z	969
9292	10	2861	55.936492188	37.258814632	2016-04-15T21:00:00.000Z	2016-04-16T20:45:00.000Z	151
7953	10	168	55.988025443	37.675046373	2016-04-15T21:00:00.000Z	2016-04-16T20:45:00.000Z	0
9373	10	6779	55.526873299	37.738740113	2016-04-15T21:00:00.000Z	2016-04-16T20:45:00.000Z	437
9324	10	5384	55.955092677	37.530040318	2016-04-15T21:00:00.000Z	2016-04-16T20:45:00.000Z	266
9345	10	8310	55.710779119	37.368972142	2016-04-15T21:00:00.000Z	2016-04-16T20:45:00.000Z	794
9281	10	4123	55.755070137	37.849437792	2016-04-15T21:00:00.000Z	2016-04-16T20:45:00.000Z	900
9307	10	6153	55.697752929	37.468879242	2016-04-15T21:00:00.000Z	2016-04-16T20:45:00.000Z	586
9350	10	5989	55.69905156	37.796317709	2016-04-15T21:00:00.000Z	2016-04-16T20:45:00.000Z	1153
9340	10	7673	55.908889853	37.400301816	2016-04-15T21:00:00.000Z	2016-04-16T20:45:00.000Z	1056
9357	10	9204	55.665433023	37.653259526	2016-04-15T21:00:00.000Z	2016-04-16T20:45:00.000Z	1613
9353	10	9608	55.749497661	37.740014797	2016-04-15T21:00:00.000Z	2016-04-16T20:45:00.000Z	3423
9364	10	9009	55.760471913	37.293358582	2016-04-15T21:00:00.000Z	2016-04-16T20:45:00.000Z	973
9366	10	9169	55.58169961	37.315970879	2016-04-15T21:00:00.000Z	2016-04-16T20:45:00.000Z	771
9362	10	8621	55.676406082	37.908516434	2016-04-15T21:00:00.000Z	2016-04-16T20:45:00.000Z	866
9333	10	3529	55.569002639	37.883671503	2016-04-15T21:00:00.000Z	2016-04-16T20:45:00.000Z	132
9249	10	3471	55.685530749	37.267282803	2016-04-15T21:00:00.000Z	2016-04-16T20:45:00.000Z	451
9351	10	8936	55.878956056	37.527285202	2016-04-15T21:00:00.000Z	2016-04-16T20:45:00.000Z	1429
9341	10	8601	55.825353446	37.373422371	2016-04-15T21:00:00.000Z	2016-04-16T20:45:00.000Z	3406
9369	10	8382	55.912716019	37.682056225	2016-04-15T21:00:00.000Z	2016-04-16T20:45:00.000Z	365
9337	10	8696	55.754570902	37.529106789	2016-04-15T21:00:00.000Z	2016-04-16T20:45:00.000Z	14772
717	10	0	55.514086503	37.335310011	2016-04-15T21:00:00.000Z	2016-04-16T20:45:00.000Z	7
9320	10	7862	55.694560759	37.567581524	2016-04-15T21:00:00.000Z	2016-04-16T20:45:00.000Z	5304
9343	10	8311	55.751267289	37.626681278	2016-04-15T21:00:00.000Z	2016-04-16T20:45:00.000Z	42669
9370	10	9047	55.946326692	37.865395915	2016-04-15T21:00:00.000Z	2016-04-16T20:45:00.000Z	305
9338	10	3860	55.904314695	37.944864924	2016-04-15T21:00:00.000Z	2016-04-16T20:45:00.000Z	83
9380	10	8515	55.545674305	37.503173015	2016-04-15T21:00:00.000Z	2016-04-16T20:45:00.000Z	684
9271	10	5724	55.817905842	37.483399836	2016-04-15T21:00:00.000Z	2016-04-16T20:45:00.000Z	1109
9360	10	9315	55.616352678	37.745390612	2016-04-15T21:00:00.000Z	2016-04-16T20:45:00.000Z	1126
9365	10	9978	55.82390474	37.814570354	2016-04-15T21:00:00.000Z	2016-04-16T20:45:00.000Z	771
9352	10	6166	55.860262067	37.290367641	2016-04-15T21:00:00.000Z	2016-04-16T20:45:00.000Z	283
9291	10	4910	55.773554102	37.456113317	2016-04-15T21:00:00.000Z	2016-04-16T20:45:00.000Z	426
9309	10	7867	55.818613746	37.561937485	2016-04-15T21:00:00.000Z	2016-04-16T20:45:00.000Z	2397
9355	10	8710	55.629790538	37.520187898	2016-04-15T21:00:00.000Z	2016-04-16T20:45:00.000Z	1939
9388	10	8344	55.774444449	37.963967619	2016-04-15T21:00:00.000Z	2016-04-16T20:45:00.000Z	854
9262	10	3866	55.643616028	37.831724468	2016-04-15T21:00:00.000Z	2016-04-16T20:45:00.000Z	528
9336	10	7709	55.810851196	37.662467541	2016-04-15T21:00:00.000Z	2016-04-16T20:45:00.000Z	4903
9326	10	6378	55.587191986	37.629917026	2016-04-15T21:00:00.000Z	2016-04-16T20:45:00.000Z	1353
