149	7	526	55.79131434	37.686881939	2016-04-01T00:00:00.000+03:00	2016-04-01T23:45:00.000+03:00	0
139	7	440	55.735810861	37.611229272	2016-04-01T00:00:00.000+03:00	2016-04-01T23:45:00.000+03:00	157
157	7	1335	55.742817921	37.635993578	2016-04-01T00:00:00.000+03:00	2016-04-01T23:45:00.000+03:00	14
23	7	0	55.76428	37.56439	2016-04-01T00:00:00.000+03:00	2016-04-01T23:45:00.000+03:00	15
74	7	0	55.684632712	37.505056533	2016-04-01T00:00:00.000+03:00	2016-04-01T23:45:00.000+03:00	8
90	7	0	55.71692293	37.79346031	2016-04-01T00:00:00.000+03:00	2016-04-01T23:45:00.000+03:00	0
21	7	0	55.723225765	37.67920876	2016-04-01T00:00:00.000+03:00	2016-04-01T23:45:00.000+03:00	9
79	7	0	55.821805002	37.565390386	2016-04-01T00:00:00.000+03:00	2016-04-01T23:45:00.000+03:00	10
75	7	0	55.726623996	37.467445479	2016-04-01T00:00:00.000+03:00	2016-04-01T23:45:00.000+03:00	3
8	7	0	55.81078	37.83085	2016-04-01T00:00:00.000+03:00	2016-04-01T23:45:00.000+03:00	0
143	7	701	55.738312024	37.511531383	2016-04-01T00:00:00.000+03:00	2016-04-01T23:45:00.000+03:00	16
159	7	639	55.70948842	37.582825322	2016-04-01T00:00:00.000+03:00	2016-04-01T23:45:00.000+03:00	2
174	7	1710	55.84624936	37.501073855	2016-04-01T00:00:00.000+03:00	2016-04-01T23:45:00.000+03:00	14
169	7	1058	55.802221466	37.499163732	2016-04-01T00:00:00.000+03:00	2016-04-01T23:45:00.000+03:00	2
5	7	0	55.758236445	37.740407205	2016-04-01T00:00:00.000+03:00	2016-04-01T23:45:00.000+03:00	0
152	7	1119	55.714252721	37.620324245	2016-04-01T00:00:00.000+03:00	2016-04-01T23:45:00.000+03:00	0
48	7	0	55.822559495	37.497778712	2016-04-01T00:00:00.000+03:00	2016-04-01T23:45:00.000+03:00	242
148	7	764	55.777811636	37.593622019	2016-04-01T00:00:00.000+03:00	2016-04-01T23:45:00.000+03:00	8
85	7	0	55.623298494	37.604869472	2016-04-01T00:00:00.000+03:00	2016-04-01T23:45:00.000+03:00	1
17	7	0	55.722511457	37.530309372	2016-04-01T00:00:00.000+03:00	2016-04-01T23:45:00.000+03:00	132
150	7	527	55.786411987	37.625684177	2016-04-01T00:00:00.000+03:00	2016-04-01T23:45:00.000+03:00	15
39	7	0	55.738811915	37.265520666	2016-04-01T00:00:00.000+03:00	2016-04-01T23:45:00.000+03:00	166
61	7	0	55.770834177	37.422549013	2016-04-01T00:00:00.000+03:00	2016-04-01T23:45:00.000+03:00	11
154	7	952	55.697290372	37.530384172	2016-04-01T00:00:00.000+03:00	2016-04-01T23:45:00.000+03:00	202
13	7	0	55.910171144	37.740773543	2016-04-01T00:00:00.000+03:00	2016-04-01T23:45:00.000+03:00	15
60	7	0	55.659271597	37.748916953	2016-04-01T00:00:00.000+03:00	2016-04-01T23:45:00.000+03:00	0
155	7	1790	55.765071645	37.650786095	2016-04-01T00:00:00.000+03:00	2016-04-01T23:45:00.000+03:00	103
7	7	0	55.687787191	37.57048461	2016-04-01T00:00:00.000+03:00	2016-04-01T23:45:00.000+03:00	0
158	7	1723	55.751302953	37.578104181	2016-04-01T00:00:00.000+03:00	2016-04-01T23:45:00.000+03:00	95
179	7	1868	55.671195683	37.668767817	2016-04-01T00:00:00.000+03:00	2016-04-01T23:45:00.000+03:00	102
161	7	1393	55.751273447	37.533421838	2016-04-01T00:00:00.000+03:00	2016-04-01T23:45:00.000+03:00	66
160	7	1947	55.761445604	37.610843531	2016-04-01T00:00:00.000+03:00	2016-04-01T23:45:00.000+03:00	598
142	7	410	55.7693016	37.68164075	2016-04-01T00:00:00.000+03:00	2016-04-01T23:45:00.000+03:00	12
49	7	0	55.887222886	37.588136142	2016-04-01T00:00:00.000+03:00	2016-04-01T23:45:00.000+03:00	0
66	7	0	55.751784593	37.669384248	2016-04-01T00:00:00.000+03:00	2016-04-01T23:45:00.000+03:00	0
16	7	0	55.82509	37.64381	2016-04-01T00:00:00.000+03:00	2016-04-01T23:45:00.000+03:00	3
