150	9	527	55.786411987	37.625684177	2016-04-01T00:00:00.000+03:00	2016-04-01T23:45:00.000+03:00	15
8	9	0	55.81078	37.83085	2016-04-01T00:00:00.000+03:00	2016-04-01T23:45:00.000+03:00	0
79	9	0	55.821805002	37.565390386	2016-04-01T00:00:00.000+03:00	2016-04-01T23:45:00.000+03:00	10
185	9	4444	55.66523364	37.708842385	2016-04-01T00:00:00.000+03:00	2016-04-01T23:45:00.000+03:00	102
49	9	0	55.887222886	37.588136142	2016-04-01T00:00:00.000+03:00	2016-04-01T23:45:00.000+03:00	0
180	9	5516	55.730138046	37.496919235	2016-04-01T00:00:00.000+03:00	2016-04-01T23:45:00.000+03:00	217
188	9	2824	55.737579688	37.766933758	2016-04-01T00:00:00.000+03:00	2016-04-01T23:45:00.000+03:00	0
177	9	3983	55.725592481	37.612593104	2016-04-01T00:00:00.000+03:00	2016-04-01T23:45:00.000+03:00	173
175	9	5233	55.7775896	37.67887245	2016-04-01T00:00:00.000+03:00	2016-04-01T23:45:00.000+03:00	115
13	9	0	55.910171144	37.740773543	2016-04-01T00:00:00.000+03:00	2016-04-01T23:45:00.000+03:00	15
85	9	0	55.623298494	37.604869472	2016-04-01T00:00:00.000+03:00	2016-04-01T23:45:00.000+03:00	1
21	9	0	55.723225765	37.67920876	2016-04-01T00:00:00.000+03:00	2016-04-01T23:45:00.000+03:00	9
194	9	5184	55.754823046	37.34403484	2016-04-01T00:00:00.000+03:00	2016-04-01T23:45:00.000+03:00	177
16	9	0	55.82509	37.64381	2016-04-01T00:00:00.000+03:00	2016-04-01T23:45:00.000+03:00	3
171	9	4168	55.763710048	37.586739933	2016-04-01T00:00:00.000+03:00	2016-04-01T23:45:00.000+03:00	716
176	9	3656	55.689374366	37.544102481	2016-04-01T00:00:00.000+03:00	2016-04-01T23:45:00.000+03:00	210
181	9	4068	55.82931992	37.499772538	2016-04-01T00:00:00.000+03:00	2016-04-01T23:45:00.000+03:00	258
