132	6	705	55.743611253	37.625953588	2016-04-01T00:00:00.000+03:00	2016-04-01T23:45:00.000+03:00	3
138	6	380	55.701573435	37.525271302	2016-04-01T00:00:00.000+03:00	2016-04-01T23:45:00.000+03:00	202
79	6	0	55.821805002	37.565390386	2016-04-01T00:00:00.000+03:00	2016-04-01T23:45:00.000+03:00	10
149	6	526	55.79131434	37.686881939	2016-04-01T00:00:00.000+03:00	2016-04-01T23:45:00.000+03:00	0
60	6	0	55.659271597	37.748916953	2016-04-01T00:00:00.000+03:00	2016-04-01T23:45:00.000+03:00	0
21	6	0	55.723225765	37.67920876	2016-04-01T00:00:00.000+03:00	2016-04-01T23:45:00.000+03:00	9
74	6	0	55.684632712	37.505056533	2016-04-01T00:00:00.000+03:00	2016-04-01T23:45:00.000+03:00	8
124	6	492	55.760015879	37.615684498	2016-04-01T00:00:00.000+03:00	2016-04-01T23:45:00.000+03:00	221
151	6	557	55.719075224	37.617565089	2016-04-01T00:00:00.000+03:00	2016-04-01T23:45:00.000+03:00	0
134	6	544	55.764363426	37.598381291	2016-04-01T00:00:00.000+03:00	2016-04-01T23:45:00.000+03:00	38
91	6	0	55.686849784	37.679782733	2016-04-01T00:00:00.000+03:00	2016-04-01T23:45:00.000+03:00	80
139	6	440	55.735810861	37.611229272	2016-04-01T00:00:00.000+03:00	2016-04-01T23:45:00.000+03:00	157
95	6	0	55.799023754	37.483141636	2016-04-01T00:00:00.000+03:00	2016-04-01T23:45:00.000+03:00	0
9	6	0	55.75491308	37.522136946	2016-04-01T00:00:00.000+03:00	2016-04-01T23:45:00.000+03:00	1
141	6	639	55.770015839	37.615618698	2016-04-01T00:00:00.000+03:00	2016-04-01T23:45:00.000+03:00	34
20	6	0	55.693007308	37.535497042	2016-04-01T00:00:00.000+03:00	2016-04-01T23:45:00.000+03:00	0
75	6	0	55.726623996	37.467445479	2016-04-01T00:00:00.000+03:00	2016-04-01T23:45:00.000+03:00	3
16	6	0	55.82509	37.64381	2016-04-01T00:00:00.000+03:00	2016-04-01T23:45:00.000+03:00	3
1	6	0	55.757998921	37.582848993	2016-04-01T00:00:00.000+03:00	2016-04-01T23:45:00.000+03:00	17
90	6	0	55.71692293	37.79346031	2016-04-01T00:00:00.000+03:00	2016-04-01T23:45:00.000+03:00	0
143	6	701	55.738312024	37.511531383	2016-04-01T00:00:00.000+03:00	2016-04-01T23:45:00.000+03:00	16
61	6	0	55.770834177	37.422549013	2016-04-01T00:00:00.000+03:00	2016-04-01T23:45:00.000+03:00	11
39	6	0	55.738811915	37.265520666	2016-04-01T00:00:00.000+03:00	2016-04-01T23:45:00.000+03:00	166
137	6	356	55.7609952	37.65720525	2016-04-01T00:00:00.000+03:00	2016-04-01T23:45:00.000+03:00	41
73	6	0	55.773503455	37.649005702	2016-04-01T00:00:00.000+03:00	2016-04-01T23:45:00.000+03:00	0
140	6	583	55.747633813	37.54470673	2016-04-01T00:00:00.000+03:00	2016-04-01T23:45:00.000+03:00	65
14	6	0	55.805419177	37.515185827	2016-04-01T00:00:00.000+03:00	2016-04-01T23:45:00.000+03:00	2
147	6	793	55.748173817	37.569589827	2016-04-01T00:00:00.000+03:00	2016-04-01T23:45:00.000+03:00	66
142	6	410	55.7693016	37.68164075	2016-04-01T00:00:00.000+03:00	2016-04-01T23:45:00.000+03:00	12
71	6	0	55.850462567	37.482241359	2016-04-01T00:00:00.000+03:00	2016-04-01T23:45:00.000+03:00	12
85	6	0	55.623298494	37.604869472	2016-04-01T00:00:00.000+03:00	2016-04-01T23:45:00.000+03:00	1
99	6	0	55.74202459	37.646033568	2016-04-01T00:00:00.000+03:00	2016-04-01T23:45:00.000+03:00	11
159	6	639	55.70948842	37.582825322	2016-04-01T00:00:00.000+03:00	2016-04-01T23:45:00.000+03:00	2
65	6	0	55.758259104	37.605835185	2016-04-01T00:00:00.000+03:00	2016-04-01T23:45:00.000+03:00	6
66	6	0	55.751784593	37.669384248	2016-04-01T00:00:00.000+03:00	2016-04-01T23:45:00.000+03:00	0
49	6	0	55.887222886	37.588136142	2016-04-01T00:00:00.000+03:00	2016-04-01T23:45:00.000+03:00	0
144	6	449	55.842036153	37.519906351	2016-04-01T00:00:00.000+03:00	2016-04-01T23:45:00.000+03:00	2
17	6	0	55.722511457	37.530309372	2016-04-01T00:00:00.000+03:00	2016-04-01T23:45:00.000+03:00	132
150	6	527	55.786411987	37.625684177	2016-04-01T00:00:00.000+03:00	2016-04-01T23:45:00.000+03:00	15
48	6	0	55.822559495	37.497778712	2016-04-01T00:00:00.000+03:00	2016-04-01T23:45:00.000+03:00	242
23	6	0	55.76428	37.56439	2016-04-01T00:00:00.000+03:00	2016-04-01T23:45:00.000+03:00	15
110	6	81	55.709430217	37.623083402	2016-04-01T00:00:00.000+03:00	2016-04-01T23:45:00.000+03:00	0
8	6	0	55.81078	37.83085	2016-04-01T00:00:00.000+03:00	2016-04-01T23:45:00.000+03:00	0
133	6	624	55.764792723	37.639728177	2016-04-01T00:00:00.000+03:00	2016-04-01T23:45:00.000+03:00	62
5	6	0	55.758236445	37.740407205	2016-04-01T00:00:00.000+03:00	2016-04-01T23:45:00.000+03:00	0
13	6	0	55.910171144	37.740773543	2016-04-01T00:00:00.000+03:00	2016-04-01T23:45:00.000+03:00	15
84	6	0	55.655541581	37.6577529	2016-04-01T00:00:00.000+03:00	2016-04-01T23:45:00.000+03:00	22
7	6	0	55.687787191	37.57048461	2016-04-01T00:00:00.000+03:00	2016-04-01T23:45:00.000+03:00	0
148	6	764	55.777811636	37.593622019	2016-04-01T00:00:00.000+03:00	2016-04-01T23:45:00.000+03:00	8
130	6	568	55.752265658	37.618614294	2016-04-01T00:00:00.000+03:00	2016-04-01T23:45:00.000+03:00	299
129	6	630	55.750865258	37.590388078	2016-04-01T00:00:00.000+03:00	2016-04-01T23:45:00.000+03:00	12
