52	3	0	55.763068105	37.616963772	2016-04-01T00:00:00.000+03:00	2016-04-01T23:45:00.000+03:00	15
93	3	0	55.751755131	37.615190103	2016-04-01T00:00:00.000+03:00	2016-04-01T23:45:00.000+03:00	228
83	3	0	55.745239864	37.549483506	2016-04-01T00:00:00.000+03:00	2016-04-01T23:45:00.000+03:00	6
6	3	0	55.7070694	37.5921593	2016-04-01T00:00:00.000+03:00	2016-04-01T23:45:00.000+03:00	0
38	3	0	55.767302777	37.639119181	2016-04-01T00:00:00.000+03:00	2016-04-01T23:45:00.000+03:00	0
79	3	0	55.821805002	37.565390386	2016-04-01T00:00:00.000+03:00	2016-04-01T23:45:00.000+03:00	10
21	3	0	55.723225765	37.67920876	2016-04-01T00:00:00.000+03:00	2016-04-01T23:45:00.000+03:00	9
107	3	60	55.750581579	37.595306924	2016-04-01T00:00:00.000+03:00	2016-04-01T23:45:00.000+03:00	0
108	3	69	55.753498529	37.61159979	2016-04-01T00:00:00.000+03:00	2016-04-01T23:45:00.000+03:00	63
66	3	0	55.751784593	37.669384248	2016-04-01T00:00:00.000+03:00	2016-04-01T23:45:00.000+03:00	0
28	3	0	55.789792036	37.631644642	2016-04-01T00:00:00.000+03:00	2016-04-01T23:45:00.000+03:00	1
40	3	0	55.762239309	37.643924524	2016-04-01T00:00:00.000+03:00	2016-04-01T23:45:00.000+03:00	0
36	3	0	55.752738801	37.593841265	2016-04-01T00:00:00.000+03:00	2016-04-01T23:45:00.000+03:00	6
75	3	0	55.726623996	37.467445479	2016-04-01T00:00:00.000+03:00	2016-04-01T23:45:00.000+03:00	3
15	3	0	55.779623471	37.600848988	2016-04-01T00:00:00.000+03:00	2016-04-01T23:45:00.000+03:00	8
103	3	42	55.741703464	37.628854306	2016-04-01T00:00:00.000+03:00	2016-04-01T23:45:00.000+03:00	2
13	3	0	55.910171144	37.740773543	2016-04-01T00:00:00.000+03:00	2016-04-01T23:45:00.000+03:00	15
106	3	55	55.73703425	37.617024922	2016-04-01T00:00:00.000+03:00	2016-04-01T23:45:00.000+03:00	4
88	3	0	55.70061	37.5194	2016-04-01T00:00:00.000+03:00	2016-04-01T23:45:00.000+03:00	35
37	3	0	55.75145	37.56565	2016-04-01T00:00:00.000+03:00	2016-04-01T23:45:00.000+03:00	48
14	3	0	55.805419177	37.515185827	2016-04-01T00:00:00.000+03:00	2016-04-01T23:45:00.000+03:00	2
7	3	0	55.687787191	37.57048461	2016-04-01T00:00:00.000+03:00	2016-04-01T23:45:00.000+03:00	0
39	3	0	55.738811915	37.265520666	2016-04-01T00:00:00.000+03:00	2016-04-01T23:45:00.000+03:00	166
47	3	0	55.7601	37.6627	2016-04-01T00:00:00.000+03:00	2016-04-01T23:45:00.000+03:00	0
11	3	0	55.70253687	37.531142603	2016-04-01T00:00:00.000+03:00	2016-04-01T23:45:00.000+03:00	167
80	3	0	55.763642755	37.604983449	2016-04-01T00:00:00.000+03:00	2016-04-01T23:45:00.000+03:00	0
33	3	0	55.7659798	37.6845398	2016-04-01T00:00:00.000+03:00	2016-04-01T23:45:00.000+03:00	9
22	3	0	55.71190744	37.573491344	2016-04-01T00:00:00.000+03:00	2016-04-01T23:45:00.000+03:00	2
73	3	0	55.773503455	37.649005702	2016-04-01T00:00:00.000+03:00	2016-04-01T23:45:00.000+03:00	0
51	3	0	55.749666032	37.537018642	2016-04-01T00:00:00.000+03:00	2016-04-01T23:45:00.000+03:00	58
64	3	0	55.75316	37.57578	2016-04-01T00:00:00.000+03:00	2016-04-01T23:45:00.000+03:00	9
71	3	0	55.850462567	37.482241359	2016-04-01T00:00:00.000+03:00	2016-04-01T23:45:00.000+03:00	12
70	3	0	55.751953377	37.623033885	2016-04-01T00:00:00.000+03:00	2016-04-01T23:45:00.000+03:00	8
23	3	0	55.76428	37.56439	2016-04-01T00:00:00.000+03:00	2016-04-01T23:45:00.000+03:00	15
81	3	0	55.763132061	37.635449642	2016-04-01T00:00:00.000+03:00	2016-04-01T23:45:00.000+03:00	9
67	3	0	55.7599106	37.613842	2016-04-01T00:00:00.000+03:00	2016-04-01T23:45:00.000+03:00	4
61	3	0	55.770834177	37.422549013	2016-04-01T00:00:00.000+03:00	2016-04-01T23:45:00.000+03:00	11
44	3	0	55.748129834	37.586503029	2016-04-01T00:00:00.000+03:00	2016-04-01T23:45:00.000+03:00	0
85	3	0	55.623298494	37.604869472	2016-04-01T00:00:00.000+03:00	2016-04-01T23:45:00.000+03:00	1
8	3	0	55.81078	37.83085	2016-04-01T00:00:00.000+03:00	2016-04-01T23:45:00.000+03:00	0
104	3	61	55.757078923	37.612613441	2016-04-01T00:00:00.000+03:00	2016-04-01T23:45:00.000+03:00	58
91	3	0	55.686849784	37.679782733	2016-04-01T00:00:00.000+03:00	2016-04-01T23:45:00.000+03:00	80
26	3	0	55.752784136	37.587686685	2016-04-01T00:00:00.000+03:00	2016-04-01T23:45:00.000+03:00	1
65	3	0	55.758259104	37.605835185	2016-04-01T00:00:00.000+03:00	2016-04-01T23:45:00.000+03:00	6
99	3	0	55.74202459	37.646033568	2016-04-01T00:00:00.000+03:00	2016-04-01T23:45:00.000+03:00	11
12	3	0	55.76152	37.63805	2016-04-01T00:00:00.000+03:00	2016-04-01T23:45:00.000+03:00	53
9	3	0	55.75491308	37.522136946	2016-04-01T00:00:00.000+03:00	2016-04-01T23:45:00.000+03:00	1
102	3	31	55.767405965	37.621949337	2016-04-01T00:00:00.000+03:00	2016-04-01T23:45:00.000+03:00	6
17	3	0	55.722511457	37.530309372	2016-04-01T00:00:00.000+03:00	2016-04-01T23:45:00.000+03:00	132
3	3	0	55.750389492	37.542841267	2016-04-01T00:00:00.000+03:00	2016-04-01T23:45:00.000+03:00	1
53	3	0	55.77844	37.58596	2016-04-01T00:00:00.000+03:00	2016-04-01T23:45:00.000+03:00	0
95	3	0	55.799023754	37.483141636	2016-04-01T00:00:00.000+03:00	2016-04-01T23:45:00.000+03:00	0
48	3	0	55.822559495	37.497778712	2016-04-01T00:00:00.000+03:00	2016-04-01T23:45:00.000+03:00	242
24	3	0	55.7708015	37.60923	2016-04-01T00:00:00.000+03:00	2016-04-01T23:45:00.000+03:00	28
27	3	0	55.844433401	37.5140778	2016-04-01T00:00:00.000+03:00	2016-04-01T23:45:00.000+03:00	0
20	3	0	55.693007308	37.535497042	2016-04-01T00:00:00.000+03:00	2016-04-01T23:45:00.000+03:00	0
60	3	0	55.659271597	37.748916953	2016-04-01T00:00:00.000+03:00	2016-04-01T23:45:00.000+03:00	0
34	3	0	55.718668427	37.608636685	2016-04-01T00:00:00.000+03:00	2016-04-01T23:45:00.000+03:00	0
109	3	80	55.760005888	37.619318777	2016-04-01T00:00:00.000+03:00	2016-04-01T23:45:00.000+03:00	144
45	3	0	55.7726234	37.6787417	2016-04-01T00:00:00.000+03:00	2016-04-01T23:45:00.000+03:00	3
55	3	0	55.783031938	37.619723711	2016-04-01T00:00:00.000+03:00	2016-04-01T23:45:00.000+03:00	14
97	3	0	55.734956633	37.514744557	2016-04-01T00:00:00.000+03:00	2016-04-01T23:45:00.000+03:00	16
74	3	0	55.684632712	37.505056533	2016-04-01T00:00:00.000+03:00	2016-04-01T23:45:00.000+03:00	8
46	3	0	55.793620318	37.694275849	2016-04-01T00:00:00.000+03:00	2016-04-01T23:45:00.000+03:00	0
35	3	0	55.745013827	37.61746645	2016-04-01T00:00:00.000+03:00	2016-04-01T23:45:00.000+03:00	0
69	3	0	55.7618904	37.6517105	2016-04-01T00:00:00.000+03:00	2016-04-01T23:45:00.000+03:00	41
49	3	0	55.887222886	37.588136142	2016-04-01T00:00:00.000+03:00	2016-04-01T23:45:00.000+03:00	0
31	3	0	55.789008362	37.679488028	2016-04-01T00:00:00.000+03:00	2016-04-01T23:45:00.000+03:00	0
84	3	0	55.655541581	37.6577529	2016-04-01T00:00:00.000+03:00	2016-04-01T23:45:00.000+03:00	22
90	3	0	55.71692293	37.79346031	2016-04-01T00:00:00.000+03:00	2016-04-01T23:45:00.000+03:00	0
105	3	51	55.734587472	37.605433623	2016-04-01T00:00:00.000+03:00	2016-04-01T23:45:00.000+03:00	153
62	3	0	55.744162618	37.508689459	2016-04-01T00:00:00.000+03:00	2016-04-01T23:45:00.000+03:00	0
58	3	0	55.751237499	37.584115501	2016-04-01T00:00:00.000+03:00	2016-04-01T23:45:00.000+03:00	5
2	3	0	55.751559569	37.61838913	2016-04-01T00:00:00.000+03:00	2016-04-01T23:45:00.000+03:00	0
5	3	0	55.758236445	37.740407205	2016-04-01T00:00:00.000+03:00	2016-04-01T23:45:00.000+03:00	0
89	3	0	55.7432785	37.6223793	2016-04-01T00:00:00.000+03:00	2016-04-01T23:45:00.000+03:00	0
87	3	0	55.746135268	37.56689931	2016-04-01T00:00:00.000+03:00	2016-04-01T23:45:00.000+03:00	1
16	3	0	55.82509	37.64381	2016-04-01T00:00:00.000+03:00	2016-04-01T23:45:00.000+03:00	3
68	3	0	55.76264	37.59578	2016-04-01T00:00:00.000+03:00	2016-04-01T23:45:00.000+03:00	0
50	3	0	55.746891921	37.626182867	2016-04-01T00:00:00.000+03:00	2016-04-01T23:45:00.000+03:00	1
41	3	0	55.763887217	37.592082024	2016-04-01T00:00:00.000+03:00	2016-04-01T23:45:00.000+03:00	0
86	3	0	55.739172211	37.50794696	2016-04-01T00:00:00.000+03:00	2016-04-01T23:45:00.000+03:00	0
56	3	0	55.7735596	37.5868301	2016-04-01T00:00:00.000+03:00	2016-04-01T23:45:00.000+03:00	0
77	3	0	55.719482021	37.626493493	2016-04-01T00:00:00.000+03:00	2016-04-01T23:45:00.000+03:00	0
10	3	0	55.74195	37.57003	2016-04-01T00:00:00.000+03:00	2016-04-01T23:45:00.000+03:00	8
110	3	81	55.709430217	37.623083402	2016-04-01T00:00:00.000+03:00	2016-04-01T23:45:00.000+03:00	0
1	3	0	55.757998921	37.582848993	2016-04-01T00:00:00.000+03:00	2016-04-01T23:45:00.000+03:00	17
57	3	0	55.76728373	37.600679689	2016-04-01T00:00:00.000+03:00	2016-04-01T23:45:00.000+03:00	38
54	3	0	55.771054393	37.622065456	2016-04-01T00:00:00.000+03:00	2016-04-01T23:45:00.000+03:00	0
19	3	0	55.839638904	37.525734901	2016-04-01T00:00:00.000+03:00	2016-04-01T23:45:00.000+03:00	2
