85	4	0	55.623298494	37.604869472	2016-04-01T00:00:00.000+03:00	2016-04-01T23:45:00.000+03:00	1
90	4	0	55.71692293	37.79346031	2016-04-01T00:00:00.000+03:00	2016-04-01T23:45:00.000+03:00	0
70	4	0	55.751953377	37.623033885	2016-04-01T00:00:00.000+03:00	2016-04-01T23:45:00.000+03:00	8
17	4	0	55.722511457	37.530309372	2016-04-01T00:00:00.000+03:00	2016-04-01T23:45:00.000+03:00	132
60	4	0	55.659271597	37.748916953	2016-04-01T00:00:00.000+03:00	2016-04-01T23:45:00.000+03:00	0
13	4	0	55.910171144	37.740773543	2016-04-01T00:00:00.000+03:00	2016-04-01T23:45:00.000+03:00	15
28	4	0	55.789792036	37.631644642	2016-04-01T00:00:00.000+03:00	2016-04-01T23:45:00.000+03:00	1
20	4	0	55.693007308	37.535497042	2016-04-01T00:00:00.000+03:00	2016-04-01T23:45:00.000+03:00	0
109	4	80	55.760005888	37.619318777	2016-04-01T00:00:00.000+03:00	2016-04-01T23:45:00.000+03:00	144
33	4	0	55.7659798	37.6845398	2016-04-01T00:00:00.000+03:00	2016-04-01T23:45:00.000+03:00	9
57	4	0	55.76728373	37.600679689	2016-04-01T00:00:00.000+03:00	2016-04-01T23:45:00.000+03:00	38
99	4	0	55.74202459	37.646033568	2016-04-01T00:00:00.000+03:00	2016-04-01T23:45:00.000+03:00	11
114	4	134	55.763263609	37.593931012	2016-04-01T00:00:00.000+03:00	2016-04-01T23:45:00.000+03:00	0
15	4	0	55.779623471	37.600848988	2016-04-01T00:00:00.000+03:00	2016-04-01T23:45:00.000+03:00	8
62	4	0	55.744162618	37.508689459	2016-04-01T00:00:00.000+03:00	2016-04-01T23:45:00.000+03:00	0
106	4	55	55.73703425	37.617024922	2016-04-01T00:00:00.000+03:00	2016-04-01T23:45:00.000+03:00	4
55	4	0	55.783031938	37.619723711	2016-04-01T00:00:00.000+03:00	2016-04-01T23:45:00.000+03:00	14
97	4	0	55.734956633	37.514744557	2016-04-01T00:00:00.000+03:00	2016-04-01T23:45:00.000+03:00	16
84	4	0	55.655541581	37.6577529	2016-04-01T00:00:00.000+03:00	2016-04-01T23:45:00.000+03:00	22
105	4	51	55.734587472	37.605433623	2016-04-01T00:00:00.000+03:00	2016-04-01T23:45:00.000+03:00	153
23	4	0	55.76428	37.56439	2016-04-01T00:00:00.000+03:00	2016-04-01T23:45:00.000+03:00	15
31	4	0	55.789008362	37.679488028	2016-04-01T00:00:00.000+03:00	2016-04-01T23:45:00.000+03:00	0
38	4	0	55.767302777	37.639119181	2016-04-01T00:00:00.000+03:00	2016-04-01T23:45:00.000+03:00	0
75	4	0	55.726623996	37.467445479	2016-04-01T00:00:00.000+03:00	2016-04-01T23:45:00.000+03:00	3
108	4	69	55.753498529	37.61159979	2016-04-01T00:00:00.000+03:00	2016-04-01T23:45:00.000+03:00	63
74	4	0	55.684632712	37.505056533	2016-04-01T00:00:00.000+03:00	2016-04-01T23:45:00.000+03:00	8
48	4	0	55.822559495	37.497778712	2016-04-01T00:00:00.000+03:00	2016-04-01T23:45:00.000+03:00	242
22	4	0	55.71190744	37.573491344	2016-04-01T00:00:00.000+03:00	2016-04-01T23:45:00.000+03:00	2
110	4	81	55.709430217	37.623083402	2016-04-01T00:00:00.000+03:00	2016-04-01T23:45:00.000+03:00	0
61	4	0	55.770834177	37.422549013	2016-04-01T00:00:00.000+03:00	2016-04-01T23:45:00.000+03:00	11
95	4	0	55.799023754	37.483141636	2016-04-01T00:00:00.000+03:00	2016-04-01T23:45:00.000+03:00	0
34	4	0	55.718668427	37.608636685	2016-04-01T00:00:00.000+03:00	2016-04-01T23:45:00.000+03:00	0
10	4	0	55.74195	37.57003	2016-04-01T00:00:00.000+03:00	2016-04-01T23:45:00.000+03:00	8
104	4	61	55.757078923	37.612613441	2016-04-01T00:00:00.000+03:00	2016-04-01T23:45:00.000+03:00	58
56	4	0	55.7735596	37.5868301	2016-04-01T00:00:00.000+03:00	2016-04-01T23:45:00.000+03:00	0
37	4	0	55.75145	37.56565	2016-04-01T00:00:00.000+03:00	2016-04-01T23:45:00.000+03:00	48
73	4	0	55.773503455	37.649005702	2016-04-01T00:00:00.000+03:00	2016-04-01T23:45:00.000+03:00	0
50	4	0	55.746891921	37.626182867	2016-04-01T00:00:00.000+03:00	2016-04-01T23:45:00.000+03:00	1
7	4	0	55.687787191	37.57048461	2016-04-01T00:00:00.000+03:00	2016-04-01T23:45:00.000+03:00	0
112	4	120	55.762326031	37.636749821	2016-04-01T00:00:00.000+03:00	2016-04-01T23:45:00.000+03:00	62
52	4	0	55.763068105	37.616963772	2016-04-01T00:00:00.000+03:00	2016-04-01T23:45:00.000+03:00	15
83	4	0	55.745239864	37.549483506	2016-04-01T00:00:00.000+03:00	2016-04-01T23:45:00.000+03:00	6
88	4	0	55.70061	37.5194	2016-04-01T00:00:00.000+03:00	2016-04-01T23:45:00.000+03:00	35
111	4	100	55.75165735	37.616789617	2016-04-01T00:00:00.000+03:00	2016-04-01T23:45:00.000+03:00	228
103	4	42	55.741703464	37.628854306	2016-04-01T00:00:00.000+03:00	2016-04-01T23:45:00.000+03:00	2
24	4	0	55.7708015	37.60923	2016-04-01T00:00:00.000+03:00	2016-04-01T23:45:00.000+03:00	28
46	4	0	55.793620318	37.694275849	2016-04-01T00:00:00.000+03:00	2016-04-01T23:45:00.000+03:00	0
115	4	140	55.752010818	37.585901093	2016-04-01T00:00:00.000+03:00	2016-04-01T23:45:00.000+03:00	6
39	4	0	55.738811915	37.265520666	2016-04-01T00:00:00.000+03:00	2016-04-01T23:45:00.000+03:00	166
91	4	0	55.686849784	37.679782733	2016-04-01T00:00:00.000+03:00	2016-04-01T23:45:00.000+03:00	80
1	4	0	55.757998921	37.582848993	2016-04-01T00:00:00.000+03:00	2016-04-01T23:45:00.000+03:00	17
77	4	0	55.719482021	37.626493493	2016-04-01T00:00:00.000+03:00	2016-04-01T23:45:00.000+03:00	0
64	4	0	55.75316	37.57578	2016-04-01T00:00:00.000+03:00	2016-04-01T23:45:00.000+03:00	9
66	4	0	55.751784593	37.669384248	2016-04-01T00:00:00.000+03:00	2016-04-01T23:45:00.000+03:00	0
69	4	0	55.7618904	37.6517105	2016-04-01T00:00:00.000+03:00	2016-04-01T23:45:00.000+03:00	41
113	4	188	55.75166019	37.594574095	2016-04-01T00:00:00.000+03:00	2016-04-01T23:45:00.000+03:00	6
49	4	0	55.887222886	37.588136142	2016-04-01T00:00:00.000+03:00	2016-04-01T23:45:00.000+03:00	0
44	4	0	55.748129834	37.586503029	2016-04-01T00:00:00.000+03:00	2016-04-01T23:45:00.000+03:00	0
67	4	0	55.7599106	37.613842	2016-04-01T00:00:00.000+03:00	2016-04-01T23:45:00.000+03:00	4
71	4	0	55.850462567	37.482241359	2016-04-01T00:00:00.000+03:00	2016-04-01T23:45:00.000+03:00	12
86	4	0	55.739172211	37.50794696	2016-04-01T00:00:00.000+03:00	2016-04-01T23:45:00.000+03:00	0
8	4	0	55.81078	37.83085	2016-04-01T00:00:00.000+03:00	2016-04-01T23:45:00.000+03:00	0
45	4	0	55.7726234	37.6787417	2016-04-01T00:00:00.000+03:00	2016-04-01T23:45:00.000+03:00	3
27	4	0	55.844433401	37.5140778	2016-04-01T00:00:00.000+03:00	2016-04-01T23:45:00.000+03:00	0
80	4	0	55.763642755	37.604983449	2016-04-01T00:00:00.000+03:00	2016-04-01T23:45:00.000+03:00	0
79	4	0	55.821805002	37.565390386	2016-04-01T00:00:00.000+03:00	2016-04-01T23:45:00.000+03:00	10
5	4	0	55.758236445	37.740407205	2016-04-01T00:00:00.000+03:00	2016-04-01T23:45:00.000+03:00	0
87	4	0	55.746135268	37.56689931	2016-04-01T00:00:00.000+03:00	2016-04-01T23:45:00.000+03:00	1
21	4	0	55.723225765	37.67920876	2016-04-01T00:00:00.000+03:00	2016-04-01T23:45:00.000+03:00	9
19	4	0	55.839638904	37.525734901	2016-04-01T00:00:00.000+03:00	2016-04-01T23:45:00.000+03:00	2
54	4	0	55.771054393	37.622065456	2016-04-01T00:00:00.000+03:00	2016-04-01T23:45:00.000+03:00	0
117	4	180	55.744146164	37.619922875	2016-04-01T00:00:00.000+03:00	2016-04-01T23:45:00.000+03:00	0
9	4	0	55.75491308	37.522136946	2016-04-01T00:00:00.000+03:00	2016-04-01T23:45:00.000+03:00	1
119	4	185	55.750027762	37.539929954	2016-04-01T00:00:00.000+03:00	2016-04-01T23:45:00.000+03:00	59
47	4	0	55.7601	37.6627	2016-04-01T00:00:00.000+03:00	2016-04-01T23:45:00.000+03:00	0
11	4	0	55.70253687	37.531142603	2016-04-01T00:00:00.000+03:00	2016-04-01T23:45:00.000+03:00	167
65	4	0	55.758259104	37.605835185	2016-04-01T00:00:00.000+03:00	2016-04-01T23:45:00.000+03:00	6
16	4	0	55.82509	37.64381	2016-04-01T00:00:00.000+03:00	2016-04-01T23:45:00.000+03:00	3
40	4	0	55.762239309	37.643924524	2016-04-01T00:00:00.000+03:00	2016-04-01T23:45:00.000+03:00	0
53	4	0	55.77844	37.58596	2016-04-01T00:00:00.000+03:00	2016-04-01T23:45:00.000+03:00	0
102	4	31	55.767405965	37.621949337	2016-04-01T00:00:00.000+03:00	2016-04-01T23:45:00.000+03:00	6
6	4	0	55.7070694	37.5921593	2016-04-01T00:00:00.000+03:00	2016-04-01T23:45:00.000+03:00	0
14	4	0	55.805419177	37.515185827	2016-04-01T00:00:00.000+03:00	2016-04-01T23:45:00.000+03:00	2
