63	2	0	55.759341775	37.618807554	2016-04-01T00:00:00.000+03:00	2016-04-01T23:45:00.000+03:00	11
61	2	0	55.770834177	37.422549013	2016-04-01T00:00:00.000+03:00	2016-04-01T23:45:00.000+03:00	11
64	2	0	55.75316	37.57578	2016-04-01T00:00:00.000+03:00	2016-04-01T23:45:00.000+03:00	9
26	2	0	55.752784136	37.587686685	2016-04-01T00:00:00.000+03:00	2016-04-01T23:45:00.000+03:00	1
53	2	0	55.77844	37.58596	2016-04-01T00:00:00.000+03:00	2016-04-01T23:45:00.000+03:00	0
39	2	0	55.738811915	37.265520666	2016-04-01T00:00:00.000+03:00	2016-04-01T23:45:00.000+03:00	166
5	2	0	55.758236445	37.740407205	2016-04-01T00:00:00.000+03:00	2016-04-01T23:45:00.000+03:00	0
57	2	0	55.76728373	37.600679689	2016-04-01T00:00:00.000+03:00	2016-04-01T23:45:00.000+03:00	38
62	2	0	55.744162618	37.508689459	2016-04-01T00:00:00.000+03:00	2016-04-01T23:45:00.000+03:00	0
52	2	0	55.763068105	37.616963772	2016-04-01T00:00:00.000+03:00	2016-04-01T23:45:00.000+03:00	15
48	2	0	55.822559495	37.497778712	2016-04-01T00:00:00.000+03:00	2016-04-01T23:45:00.000+03:00	242
67	2	0	55.7599106	37.613842	2016-04-01T00:00:00.000+03:00	2016-04-01T23:45:00.000+03:00	4
21	2	0	55.723225765	37.67920876	2016-04-01T00:00:00.000+03:00	2016-04-01T23:45:00.000+03:00	9
78	2	0	55.753978692	37.612313721	2016-04-01T00:00:00.000+03:00	2016-04-01T23:45:00.000+03:00	58
73	2	0	55.773503455	37.649005702	2016-04-01T00:00:00.000+03:00	2016-04-01T23:45:00.000+03:00	0
51	2	0	55.749666032	37.537018642	2016-04-01T00:00:00.000+03:00	2016-04-01T23:45:00.000+03:00	58
3	2	0	55.750389492	37.542841267	2016-04-01T00:00:00.000+03:00	2016-04-01T23:45:00.000+03:00	1
19	2	0	55.839638904	37.525734901	2016-04-01T00:00:00.000+03:00	2016-04-01T23:45:00.000+03:00	2
101	2	17	55.757322716	37.613184298	2016-04-01T00:00:00.000+03:00	2016-04-01T23:45:00.000+03:00	58
8	2	0	55.81078	37.83085	2016-04-01T00:00:00.000+03:00	2016-04-01T23:45:00.000+03:00	0
46	2	0	55.793620318	37.694275849	2016-04-01T00:00:00.000+03:00	2016-04-01T23:45:00.000+03:00	0
44	2	0	55.748129834	37.586503029	2016-04-01T00:00:00.000+03:00	2016-04-01T23:45:00.000+03:00	0
95	2	0	55.799023754	37.483141636	2016-04-01T00:00:00.000+03:00	2016-04-01T23:45:00.000+03:00	0
7	2	0	55.687787191	37.57048461	2016-04-01T00:00:00.000+03:00	2016-04-01T23:45:00.000+03:00	0
59	2	0	55.7375285	37.616949843	2016-04-01T00:00:00.000+03:00	2016-04-01T23:45:00.000+03:00	4
97	2	0	55.734956633	37.514744557	2016-04-01T00:00:00.000+03:00	2016-04-01T23:45:00.000+03:00	16
33	2	0	55.7659798	37.6845398	2016-04-01T00:00:00.000+03:00	2016-04-01T23:45:00.000+03:00	9
68	2	0	55.76264	37.59578	2016-04-01T00:00:00.000+03:00	2016-04-01T23:45:00.000+03:00	0
36	2	0	55.752738801	37.593841265	2016-04-01T00:00:00.000+03:00	2016-04-01T23:45:00.000+03:00	6
89	2	0	55.7432785	37.6223793	2016-04-01T00:00:00.000+03:00	2016-04-01T23:45:00.000+03:00	0
83	2	0	55.745239864	37.549483506	2016-04-01T00:00:00.000+03:00	2016-04-01T23:45:00.000+03:00	6
87	2	0	55.746135268	37.56689931	2016-04-01T00:00:00.000+03:00	2016-04-01T23:45:00.000+03:00	1
75	2	0	55.726623996	37.467445479	2016-04-01T00:00:00.000+03:00	2016-04-01T23:45:00.000+03:00	3
16	2	0	55.82509	37.64381	2016-04-01T00:00:00.000+03:00	2016-04-01T23:45:00.000+03:00	3
24	2	0	55.7708015	37.60923	2016-04-01T00:00:00.000+03:00	2016-04-01T23:45:00.000+03:00	28
42	2	0	55.750993159	37.595939849	2016-04-01T00:00:00.000+03:00	2016-04-01T23:45:00.000+03:00	0
45	2	0	55.7726234	37.6787417	2016-04-01T00:00:00.000+03:00	2016-04-01T23:45:00.000+03:00	3
38	2	0	55.767302777	37.639119181	2016-04-01T00:00:00.000+03:00	2016-04-01T23:45:00.000+03:00	0
28	2	0	55.789792036	37.631644642	2016-04-01T00:00:00.000+03:00	2016-04-01T23:45:00.000+03:00	1
54	2	0	55.771054393	37.622065456	2016-04-01T00:00:00.000+03:00	2016-04-01T23:45:00.000+03:00	0
99	2	0	55.74202459	37.646033568	2016-04-01T00:00:00.000+03:00	2016-04-01T23:45:00.000+03:00	11
41	2	0	55.763887217	37.592082024	2016-04-01T00:00:00.000+03:00	2016-04-01T23:45:00.000+03:00	0
34	2	0	55.718668427	37.608636685	2016-04-01T00:00:00.000+03:00	2016-04-01T23:45:00.000+03:00	0
85	2	0	55.623298494	37.604869472	2016-04-01T00:00:00.000+03:00	2016-04-01T23:45:00.000+03:00	1
80	2	0	55.763642755	37.604983449	2016-04-01T00:00:00.000+03:00	2016-04-01T23:45:00.000+03:00	0
91	2	0	55.686849784	37.679782733	2016-04-01T00:00:00.000+03:00	2016-04-01T23:45:00.000+03:00	80
27	2	0	55.844433401	37.5140778	2016-04-01T00:00:00.000+03:00	2016-04-01T23:45:00.000+03:00	0
10	2	0	55.74195	37.57003	2016-04-01T00:00:00.000+03:00	2016-04-01T23:45:00.000+03:00	8
94	2	0	55.734315444	37.604757646	2016-04-01T00:00:00.000+03:00	2016-04-01T23:45:00.000+03:00	83
60	2	0	55.659271597	37.748916953	2016-04-01T00:00:00.000+03:00	2016-04-01T23:45:00.000+03:00	0
55	2	0	55.783031938	37.619723711	2016-04-01T00:00:00.000+03:00	2016-04-01T23:45:00.000+03:00	14
56	2	0	55.7735596	37.5868301	2016-04-01T00:00:00.000+03:00	2016-04-01T23:45:00.000+03:00	0
77	2	0	55.719482021	37.626493493	2016-04-01T00:00:00.000+03:00	2016-04-01T23:45:00.000+03:00	0
102	2	31	55.767405965	37.621949337	2016-04-01T00:00:00.000+03:00	2016-04-01T23:45:00.000+03:00	6
50	2	0	55.746891921	37.626182867	2016-04-01T00:00:00.000+03:00	2016-04-01T23:45:00.000+03:00	1
30	2	0	55.71005	37.62377	2016-04-01T00:00:00.000+03:00	2016-04-01T23:45:00.000+03:00	0
12	2	0	55.76152	37.63805	2016-04-01T00:00:00.000+03:00	2016-04-01T23:45:00.000+03:00	53
40	2	0	55.762239309	37.643924524	2016-04-01T00:00:00.000+03:00	2016-04-01T23:45:00.000+03:00	0
79	2	0	55.821805002	37.565390386	2016-04-01T00:00:00.000+03:00	2016-04-01T23:45:00.000+03:00	10
58	2	0	55.751237499	37.584115501	2016-04-01T00:00:00.000+03:00	2016-04-01T23:45:00.000+03:00	5
15	2	0	55.779623471	37.600848988	2016-04-01T00:00:00.000+03:00	2016-04-01T23:45:00.000+03:00	8
31	2	0	55.789008362	37.679488028	2016-04-01T00:00:00.000+03:00	2016-04-01T23:45:00.000+03:00	0
84	2	0	55.655541581	37.6577529	2016-04-01T00:00:00.000+03:00	2016-04-01T23:45:00.000+03:00	22
35	2	0	55.745013827	37.61746645	2016-04-01T00:00:00.000+03:00	2016-04-01T23:45:00.000+03:00	0
14	2	0	55.805419177	37.515185827	2016-04-01T00:00:00.000+03:00	2016-04-01T23:45:00.000+03:00	2
82	2	0	55.76067	37.61983	2016-04-01T00:00:00.000+03:00	2016-04-01T23:45:00.000+03:00	133
90	2	0	55.71692293	37.79346031	2016-04-01T00:00:00.000+03:00	2016-04-01T23:45:00.000+03:00	0
17	2	0	55.722511457	37.530309372	2016-04-01T00:00:00.000+03:00	2016-04-01T23:45:00.000+03:00	132
88	2	0	55.70061	37.5194	2016-04-01T00:00:00.000+03:00	2016-04-01T23:45:00.000+03:00	35
49	2	0	55.887222886	37.588136142	2016-04-01T00:00:00.000+03:00	2016-04-01T23:45:00.000+03:00	0
23	2	0	55.76428	37.56439	2016-04-01T00:00:00.000+03:00	2016-04-01T23:45:00.000+03:00	15
81	2	0	55.763132061	37.635449642	2016-04-01T00:00:00.000+03:00	2016-04-01T23:45:00.000+03:00	9
9	2	0	55.75491308	37.522136946	2016-04-01T00:00:00.000+03:00	2016-04-01T23:45:00.000+03:00	1
69	2	0	55.7618904	37.6517105	2016-04-01T00:00:00.000+03:00	2016-04-01T23:45:00.000+03:00	41
20	2	0	55.693007308	37.535497042	2016-04-01T00:00:00.000+03:00	2016-04-01T23:45:00.000+03:00	0
71	2	0	55.850462567	37.482241359	2016-04-01T00:00:00.000+03:00	2016-04-01T23:45:00.000+03:00	12
86	2	0	55.739172211	37.50794696	2016-04-01T00:00:00.000+03:00	2016-04-01T23:45:00.000+03:00	0
72	2	0	55.73654	37.6171	2016-04-01T00:00:00.000+03:00	2016-04-01T23:45:00.000+03:00	0
65	2	0	55.758259104	37.605835185	2016-04-01T00:00:00.000+03:00	2016-04-01T23:45:00.000+03:00	6
22	2	0	55.71190744	37.573491344	2016-04-01T00:00:00.000+03:00	2016-04-01T23:45:00.000+03:00	2
47	2	0	55.7601	37.6627	2016-04-01T00:00:00.000+03:00	2016-04-01T23:45:00.000+03:00	0
37	2	0	55.75145	37.56565	2016-04-01T00:00:00.000+03:00	2016-04-01T23:45:00.000+03:00	48
6	2	0	55.7070694	37.5921593	2016-04-01T00:00:00.000+03:00	2016-04-01T23:45:00.000+03:00	0
66	2	0	55.751784593	37.669384248	2016-04-01T00:00:00.000+03:00	2016-04-01T23:45:00.000+03:00	0
4	2	0	55.75017	37.594674	2016-04-01T00:00:00.000+03:00	2016-04-01T23:45:00.000+03:00	0
70	2	0	55.751953377	37.623033885	2016-04-01T00:00:00.000+03:00	2016-04-01T23:45:00.000+03:00	8
1	2	0	55.757998921	37.582848993	2016-04-01T00:00:00.000+03:00	2016-04-01T23:45:00.000+03:00	17
43	2	0	55.708810434	37.622396803	2016-04-01T00:00:00.000+03:00	2016-04-01T23:45:00.000+03:00	0
13	2	0	55.910171144	37.740773543	2016-04-01T00:00:00.000+03:00	2016-04-01T23:45:00.000+03:00	15
11	2	0	55.70253687	37.531142603	2016-04-01T00:00:00.000+03:00	2016-04-01T23:45:00.000+03:00	167
93	2	0	55.751755131	37.615190103	2016-04-01T00:00:00.000+03:00	2016-04-01T23:45:00.000+03:00	228
103	2	42	55.741703464	37.628854306	2016-04-01T00:00:00.000+03:00	2016-04-01T23:45:00.000+03:00	2
92	2	0	55.756835129	37.612042585	2016-04-01T00:00:00.000+03:00	2016-04-01T23:45:00.000+03:00	0
2	2	0	55.751559569	37.61838913	2016-04-01T00:00:00.000+03:00	2016-04-01T23:45:00.000+03:00	0
100	2	0	55.7348595	37.6061096	2016-04-01T00:00:00.000+03:00	2016-04-01T23:45:00.000+03:00	70
76	2	0	55.753018366	37.610885859	2016-04-01T00:00:00.000+03:00	2016-04-01T23:45:00.000+03:00	5
74	2	0	55.684632712	37.505056533	2016-04-01T00:00:00.000+03:00	2016-04-01T23:45:00.000+03:00	8
