17	8	0	55.722511457	37.530309372	2016-04-01T00:00:00.000+03:00	2016-04-01T23:45:00.000+03:00	132
174	8	1710	55.84624936	37.501073855	2016-04-01T00:00:00.000+03:00	2016-04-01T23:45:00.000+03:00	14
39	8	0	55.738811915	37.265520666	2016-04-01T00:00:00.000+03:00	2016-04-01T23:45:00.000+03:00	166
8	8	0	55.81078	37.83085	2016-04-01T00:00:00.000+03:00	2016-04-01T23:45:00.000+03:00	0
170	8	2188	55.81239048	37.498471222	2016-04-01T00:00:00.000+03:00	2016-04-01T23:45:00.000+03:00	244
61	8	0	55.770834177	37.422549013	2016-04-01T00:00:00.000+03:00	2016-04-01T23:45:00.000+03:00	11
85	8	0	55.623298494	37.604869472	2016-04-01T00:00:00.000+03:00	2016-04-01T23:45:00.000+03:00	1
188	8	2824	55.737579688	37.766933758	2016-04-01T00:00:00.000+03:00	2016-04-01T23:45:00.000+03:00	0
160	8	1947	55.761445604	37.610843531	2016-04-01T00:00:00.000+03:00	2016-04-01T23:45:00.000+03:00	598
60	8	0	55.659271597	37.748916953	2016-04-01T00:00:00.000+03:00	2016-04-01T23:45:00.000+03:00	0
162	8	2560	55.757791477	37.571247091	2016-04-01T00:00:00.000+03:00	2016-04-01T23:45:00.000+03:00	110
149	8	526	55.79131434	37.686881939	2016-04-01T00:00:00.000+03:00	2016-04-01T23:45:00.000+03:00	0
7	8	0	55.687787191	37.57048461	2016-04-01T00:00:00.000+03:00	2016-04-01T23:45:00.000+03:00	0
166	8	2384	55.744792735	37.522476611	2016-04-01T00:00:00.000+03:00	2016-04-01T23:45:00.000+03:00	82
179	8	1868	55.671195683	37.668767817	2016-04-01T00:00:00.000+03:00	2016-04-01T23:45:00.000+03:00	102
13	8	0	55.910171144	37.740773543	2016-04-01T00:00:00.000+03:00	2016-04-01T23:45:00.000+03:00	15
21	8	0	55.723225765	37.67920876	2016-04-01T00:00:00.000+03:00	2016-04-01T23:45:00.000+03:00	9
148	8	764	55.777811636	37.593622019	2016-04-01T00:00:00.000+03:00	2016-04-01T23:45:00.000+03:00	8
163	8	2198	55.739314391	37.623611425	2016-04-01T00:00:00.000+03:00	2016-04-01T23:45:00.000+03:00	171
164	8	2727	55.758428119	37.660085171	2016-04-01T00:00:00.000+03:00	2016-04-01T23:45:00.000+03:00	103
16	8	0	55.82509	37.64381	2016-04-01T00:00:00.000+03:00	2016-04-01T23:45:00.000+03:00	3
150	8	527	55.786411987	37.625684177	2016-04-01T00:00:00.000+03:00	2016-04-01T23:45:00.000+03:00	15
172	8	2315	55.71187057	37.601574784	2016-04-01T00:00:00.000+03:00	2016-04-01T23:45:00.000+03:00	2
79	8	0	55.821805002	37.565390386	2016-04-01T00:00:00.000+03:00	2016-04-01T23:45:00.000+03:00	10
168	8	2008	55.690961542	37.517720352	2016-04-01T00:00:00.000+03:00	2016-04-01T23:45:00.000+03:00	210
49	8	0	55.887222886	37.588136142	2016-04-01T00:00:00.000+03:00	2016-04-01T23:45:00.000+03:00	0
142	8	410	55.7693016	37.68164075	2016-04-01T00:00:00.000+03:00	2016-04-01T23:45:00.000+03:00	12
75	8	0	55.726623996	37.467445479	2016-04-01T00:00:00.000+03:00	2016-04-01T23:45:00.000+03:00	3
