6	5	0	55.7070694	37.5921593	2016-04-01T00:00:00.000+03:00	2016-04-01T23:45:00.000+03:00	0
17	5	0	55.722511457	37.530309372	2016-04-01T00:00:00.000+03:00	2016-04-01T23:45:00.000+03:00	132
71	5	0	55.850462567	37.482241359	2016-04-01T00:00:00.000+03:00	2016-04-01T23:45:00.000+03:00	12
121	5	233	55.769230179	37.622007396	2016-04-01T00:00:00.000+03:00	2016-04-01T23:45:00.000+03:00	6
31	5	0	55.789008362	37.679488028	2016-04-01T00:00:00.000+03:00	2016-04-01T23:45:00.000+03:00	0
106	5	55	55.73703425	37.617024922	2016-04-01T00:00:00.000+03:00	2016-04-01T23:45:00.000+03:00	4
122	5	356	55.750070326	37.586202061	2016-04-01T00:00:00.000+03:00	2016-04-01T23:45:00.000+03:00	6
85	5	0	55.623298494	37.604869472	2016-04-01T00:00:00.000+03:00	2016-04-01T23:45:00.000+03:00	1
66	5	0	55.751784593	37.669384248	2016-04-01T00:00:00.000+03:00	2016-04-01T23:45:00.000+03:00	0
20	5	0	55.693007308	37.535497042	2016-04-01T00:00:00.000+03:00	2016-04-01T23:45:00.000+03:00	0
13	5	0	55.910171144	37.740773543	2016-04-01T00:00:00.000+03:00	2016-04-01T23:45:00.000+03:00	15
16	5	0	55.82509	37.64381	2016-04-01T00:00:00.000+03:00	2016-04-01T23:45:00.000+03:00	3
73	5	0	55.773503455	37.649005702	2016-04-01T00:00:00.000+03:00	2016-04-01T23:45:00.000+03:00	0
1	5	0	55.757998921	37.582848993	2016-04-01T00:00:00.000+03:00	2016-04-01T23:45:00.000+03:00	17
70	5	0	55.751953377	37.623033885	2016-04-01T00:00:00.000+03:00	2016-04-01T23:45:00.000+03:00	8
79	5	0	55.821805002	37.565390386	2016-04-01T00:00:00.000+03:00	2016-04-01T23:45:00.000+03:00	10
28	5	0	55.789792036	37.631644642	2016-04-01T00:00:00.000+03:00	2016-04-01T23:45:00.000+03:00	1
50	5	0	55.746891921	37.626182867	2016-04-01T00:00:00.000+03:00	2016-04-01T23:45:00.000+03:00	1
8	5	0	55.81078	37.83085	2016-04-01T00:00:00.000+03:00	2016-04-01T23:45:00.000+03:00	0
15	5	0	55.779623471	37.600848988	2016-04-01T00:00:00.000+03:00	2016-04-01T23:45:00.000+03:00	8
46	5	0	55.793620318	37.694275849	2016-04-01T00:00:00.000+03:00	2016-04-01T23:45:00.000+03:00	0
34	5	0	55.718668427	37.608636685	2016-04-01T00:00:00.000+03:00	2016-04-01T23:45:00.000+03:00	0
128	5	272	55.7759998	37.58639505	2016-04-01T00:00:00.000+03:00	2016-04-01T23:45:00.000+03:00	0
123	5	343	55.76228267	37.640337173	2016-04-01T00:00:00.000+03:00	2016-04-01T23:45:00.000+03:00	62
33	5	0	55.7659798	37.6845398	2016-04-01T00:00:00.000+03:00	2016-04-01T23:45:00.000+03:00	9
39	5	0	55.738811915	37.265520666	2016-04-01T00:00:00.000+03:00	2016-04-01T23:45:00.000+03:00	166
114	5	134	55.763263609	37.593931012	2016-04-01T00:00:00.000+03:00	2016-04-01T23:45:00.000+03:00	0
113	5	188	55.75166019	37.594574095	2016-04-01T00:00:00.000+03:00	2016-04-01T23:45:00.000+03:00	6
22	5	0	55.71190744	37.573491344	2016-04-01T00:00:00.000+03:00	2016-04-01T23:45:00.000+03:00	2
138	5	380	55.701573435	37.525271302	2016-04-01T00:00:00.000+03:00	2016-04-01T23:45:00.000+03:00	202
118	5	265	55.761536996	37.618141275	2016-04-01T00:00:00.000+03:00	2016-04-01T23:45:00.000+03:00	159
49	5	0	55.887222886	37.588136142	2016-04-01T00:00:00.000+03:00	2016-04-01T23:45:00.000+03:00	0
125	5	242	55.765463243	37.602831569	2016-04-01T00:00:00.000+03:00	2016-04-01T23:45:00.000+03:00	38
90	5	0	55.71692293	37.79346031	2016-04-01T00:00:00.000+03:00	2016-04-01T23:45:00.000+03:00	0
14	5	0	55.805419177	37.515185827	2016-04-01T00:00:00.000+03:00	2016-04-01T23:45:00.000+03:00	2
103	5	42	55.741703464	37.628854306	2016-04-01T00:00:00.000+03:00	2016-04-01T23:45:00.000+03:00	2
55	5	0	55.783031938	37.619723711	2016-04-01T00:00:00.000+03:00	2016-04-01T23:45:00.000+03:00	14
95	5	0	55.799023754	37.483141636	2016-04-01T00:00:00.000+03:00	2016-04-01T23:45:00.000+03:00	0
27	5	0	55.844433401	37.5140778	2016-04-01T00:00:00.000+03:00	2016-04-01T23:45:00.000+03:00	0
99	5	0	55.74202459	37.646033568	2016-04-01T00:00:00.000+03:00	2016-04-01T23:45:00.000+03:00	11
119	5	185	55.750027762	37.539929954	2016-04-01T00:00:00.000+03:00	2016-04-01T23:45:00.000+03:00	59
23	5	0	55.76428	37.56439	2016-04-01T00:00:00.000+03:00	2016-04-01T23:45:00.000+03:00	15
65	5	0	55.758259104	37.605835185	2016-04-01T00:00:00.000+03:00	2016-04-01T23:45:00.000+03:00	6
38	5	0	55.767302777	37.639119181	2016-04-01T00:00:00.000+03:00	2016-04-01T23:45:00.000+03:00	0
84	5	0	55.655541581	37.6577529	2016-04-01T00:00:00.000+03:00	2016-04-01T23:45:00.000+03:00	22
137	5	356	55.7609952	37.65720525	2016-04-01T00:00:00.000+03:00	2016-04-01T23:45:00.000+03:00	41
45	5	0	55.7726234	37.6787417	2016-04-01T00:00:00.000+03:00	2016-04-01T23:45:00.000+03:00	3
21	5	0	55.723225765	37.67920876	2016-04-01T00:00:00.000+03:00	2016-04-01T23:45:00.000+03:00	9
131	5	278	55.741667415	37.50831821	2016-04-01T00:00:00.000+03:00	2016-04-01T23:45:00.000+03:00	0
120	5	291	55.75257794	37.614194703	2016-04-01T00:00:00.000+03:00	2016-04-01T23:45:00.000+03:00	291
117	5	180	55.744146164	37.619922875	2016-04-01T00:00:00.000+03:00	2016-04-01T23:45:00.000+03:00	0
5	5	0	55.758236445	37.740407205	2016-04-01T00:00:00.000+03:00	2016-04-01T23:45:00.000+03:00	0
48	5	0	55.822559495	37.497778712	2016-04-01T00:00:00.000+03:00	2016-04-01T23:45:00.000+03:00	242
91	5	0	55.686849784	37.679782733	2016-04-01T00:00:00.000+03:00	2016-04-01T23:45:00.000+03:00	80
74	5	0	55.684632712	37.505056533	2016-04-01T00:00:00.000+03:00	2016-04-01T23:45:00.000+03:00	8
24	5	0	55.7708015	37.60923	2016-04-01T00:00:00.000+03:00	2016-04-01T23:45:00.000+03:00	28
60	5	0	55.659271597	37.748916953	2016-04-01T00:00:00.000+03:00	2016-04-01T23:45:00.000+03:00	0
105	5	51	55.734587472	37.605433623	2016-04-01T00:00:00.000+03:00	2016-04-01T23:45:00.000+03:00	153
116	5	222	55.758494761	37.613227721	2016-04-01T00:00:00.000+03:00	2016-04-01T23:45:00.000+03:00	62
77	5	0	55.719482021	37.626493493	2016-04-01T00:00:00.000+03:00	2016-04-01T23:45:00.000+03:00	0
136	5	329	55.752305	37.570715	2016-04-01T00:00:00.000+03:00	2016-04-01T23:45:00.000+03:00	57
61	5	0	55.770834177	37.422549013	2016-04-01T00:00:00.000+03:00	2016-04-01T23:45:00.000+03:00	11
97	5	0	55.734956633	37.514744557	2016-04-01T00:00:00.000+03:00	2016-04-01T23:45:00.000+03:00	16
75	5	0	55.726623996	37.467445479	2016-04-01T00:00:00.000+03:00	2016-04-01T23:45:00.000+03:00	3
110	5	81	55.709430217	37.623083402	2016-04-01T00:00:00.000+03:00	2016-04-01T23:45:00.000+03:00	0
7	5	0	55.687787191	37.57048461	2016-04-01T00:00:00.000+03:00	2016-04-01T23:45:00.000+03:00	0
83	5	0	55.745239864	37.549483506	2016-04-01T00:00:00.000+03:00	2016-04-01T23:45:00.000+03:00	6
19	5	0	55.839638904	37.525734901	2016-04-01T00:00:00.000+03:00	2016-04-01T23:45:00.000+03:00	2
127	5	252	55.744042634	37.568464655	2016-04-01T00:00:00.000+03:00	2016-04-01T23:45:00.000+03:00	9
9	5	0	55.75491308	37.522136946	2016-04-01T00:00:00.000+03:00	2016-04-01T23:45:00.000+03:00	1
