8570	9	320	55.507714574	37.776360426	2016-04-05T21:00:00.000Z	2016-04-06T20:45:00.000Z	12
8817	9	1101	55.66619875	37.676250944	2016-04-05T21:00:00.000Z	2016-04-06T20:45:00.000Z	211
9293	9	4252	55.810742973	37.952702467	2016-04-05T21:00:00.000Z	2016-04-06T20:45:00.000Z	365
9255	9	5029	55.774583125	37.642847759	2016-04-05T21:00:00.000Z	2016-04-06T20:45:00.000Z	8098
3060	9	0	55.560921442	37.360882926	2016-04-05T21:00:00.000Z	2016-04-06T20:45:00.000Z	0
9100	9	2546	55.711609826	37.460683118	2016-04-05T21:00:00.000Z	2016-04-06T20:45:00.000Z	74
9166	9	3009	55.679281024	37.55960237	2016-04-05T21:00:00.000Z	2016-04-06T20:45:00.000Z	432
9329	9	5230	55.910894132	37.631464641	2016-04-05T21:00:00.000Z	2016-04-06T20:45:00.000Z	70
9036	9	2298	55.818377073	37.589256681	2016-04-05T21:00:00.000Z	2016-04-06T20:45:00.000Z	604
9286	9	4922	55.797249545	37.569897084	2016-04-05T21:00:00.000Z	2016-04-06T20:45:00.000Z	1249
9249	9	3471	55.685530749	37.267282803	2016-04-05T21:00:00.000Z	2016-04-06T20:45:00.000Z	293
9324	9	5384	55.955092677	37.530040318	2016-04-05T21:00:00.000Z	2016-04-06T20:45:00.000Z	125
9292	9	2861	55.936492188	37.258814632	2016-04-05T21:00:00.000Z	2016-04-06T20:45:00.000Z	37
9270	9	2331	55.567861567	37.460901493	2016-04-05T21:00:00.000Z	2016-04-06T20:45:00.000Z	112
9299	9	3652	55.972923601	37.409092746	2016-04-05T21:00:00.000Z	2016-04-06T20:45:00.000Z	503
9294	9	4533	55.683896031	37.477075366	2016-04-05T21:00:00.000Z	2016-04-06T20:45:00.000Z	321
9261	9	5033	55.856535389	37.615886734	2016-04-05T21:00:00.000Z	2016-04-06T20:45:00.000Z	437
9266	9	5398	55.742111673	37.506368741	2016-04-05T21:00:00.000Z	2016-04-06T20:45:00.000Z	1168
9313	9	2700	55.804744597	37.878825782	2016-04-05T21:00:00.000Z	2016-04-06T20:45:00.000Z	30
9295	9	4632	55.85667978	37.482790992	2016-04-05T21:00:00.000Z	2016-04-06T20:45:00.000Z	369
9344	9	5891	55.92426176	37.833354154	2016-04-05T21:00:00.000Z	2016-04-06T20:45:00.000Z	99
9319	9	5681	55.891061939	37.403776431	2016-04-05T21:00:00.000Z	2016-04-06T20:45:00.000Z	757
9300	9	3818	55.839187238	37.293859521	2016-04-05T21:00:00.000Z	2016-04-06T20:45:00.000Z	117
9296	9	1517	55.653999803	37.926528392	2016-04-05T21:00:00.000Z	2016-04-06T20:45:00.000Z	31
9104	9	2437	55.750797888	37.780851652	2016-04-05T21:00:00.000Z	2016-04-06T20:45:00.000Z	208
9271	9	5724	55.817905842	37.483399836	2016-04-05T21:00:00.000Z	2016-04-06T20:45:00.000Z	769
9274	9	3642	55.587264318	37.659264653	2016-04-05T21:00:00.000Z	2016-04-06T20:45:00.000Z	42
9308	9	3925	55.601475477	37.367065046	2016-04-05T21:00:00.000Z	2016-04-06T20:45:00.000Z	69
9282	9	4390	55.714165054	37.549223604	2016-04-05T21:00:00.000Z	2016-04-06T20:45:00.000Z	1877
9297	9	3757	55.63476967	37.633893955	2016-04-05T21:00:00.000Z	2016-04-06T20:45:00.000Z	216
9212	9	2818	55.829414182	37.544298087	2016-04-05T21:00:00.000Z	2016-04-06T20:45:00.000Z	139
9312	9	4956	55.607650007	37.517076352	2016-04-05T21:00:00.000Z	2016-04-06T20:45:00.000Z	281
8930	9	1518	55.627023818	37.433483216	2016-04-05T21:00:00.000Z	2016-04-06T20:45:00.000Z	49
7953	9	168	55.988025443	37.675046373	2016-04-05T21:00:00.000Z	2016-04-06T20:45:00.000Z	0
9264	9	4791	55.643941298	37.739585082	2016-04-05T21:00:00.000Z	2016-04-06T20:45:00.000Z	89
9280	9	3366	55.890974281	37.498932949	2016-04-05T21:00:00.000Z	2016-04-06T20:45:00.000Z	78
9291	9	4910	55.773554102	37.456113317	2016-04-05T21:00:00.000Z	2016-04-06T20:45:00.000Z	279
9298	9	5032	55.695248481	37.689618737	2016-04-05T21:00:00.000Z	2016-04-06T20:45:00.000Z	552
9250	9	4178	55.732053799	37.406839761	2016-04-05T21:00:00.000Z	2016-04-06T20:45:00.000Z	481
9234	9	3619	55.546032023	37.7011198	2016-04-05T21:00:00.000Z	2016-04-06T20:45:00.000Z	221
9233	9	5262	55.809268784	37.819701053	2016-04-05T21:00:00.000Z	2016-04-06T20:45:00.000Z	260
9273	9	3102	55.788558168	37.267976289	2016-04-05T21:00:00.000Z	2016-04-06T20:45:00.000Z	51
9157	9	1972	55.64492048	37.54006989	2016-04-05T21:00:00.000Z	2016-04-06T20:45:00.000Z	71
9317	9	4554	55.587119654	37.600569399	2016-04-05T21:00:00.000Z	2016-04-06T20:45:00.000Z	896
9252	9	3541	55.776497256	37.354606022	2016-04-05T21:00:00.000Z	2016-04-06T20:45:00.000Z	109
9332	9	2392	55.968391625	37.897437675	2016-04-05T21:00:00.000Z	2016-04-06T20:45:00.000Z	106
9262	9	3866	55.643616028	37.831724468	2016-04-05T21:00:00.000Z	2016-04-06T20:45:00.000Z	221
9322	9	5460	55.778691946	37.752525617	2016-04-05T21:00:00.000Z	2016-04-06T20:45:00.000Z	656
9302	9	4123	55.642176917	37.363715733	2016-04-05T21:00:00.000Z	2016-04-06T20:45:00.000Z	249
9219	9	4038	55.725776562	37.738744076	2016-04-05T21:00:00.000Z	2016-04-06T20:45:00.000Z	202
717	9	0	55.514086503	37.335310011	2016-04-05T21:00:00.000Z	2016-04-06T20:45:00.000Z	6
9230	9	5163	55.742724249	37.687937844	2016-04-05T21:00:00.000Z	2016-04-06T20:45:00.000Z	1438
9267	9	1337	55.738145925	37.975232772	2016-04-05T21:00:00.000Z	2016-04-06T20:45:00.000Z	237
9208	9	2394	55.622358262	37.691970845	2016-04-05T21:00:00.000Z	2016-04-06T20:45:00.000Z	242
9321	9	4858	55.738416115	37.275426009	2016-04-05T21:00:00.000Z	2016-04-06T20:45:00.000Z	256
9235	9	4944	55.658941659	37.506528996	2016-04-05T21:00:00.000Z	2016-04-06T20:45:00.000Z	954
9232	9	4203	55.819413007	37.634601007	2016-04-05T21:00:00.000Z	2016-04-06T20:45:00.000Z	1763
9303	9	3532	55.851247848	37.387700263	2016-04-05T21:00:00.000Z	2016-04-06T20:45:00.000Z	684
9311	9	5893	55.698812362	37.890504475	2016-04-05T21:00:00.000Z	2016-04-06T20:45:00.000Z	454
9342	9	5773	55.599555576	37.775003261	2016-04-05T21:00:00.000Z	2016-04-06T20:45:00.000Z	315
9276	9	4709	55.665515192	37.613274467	2016-04-05T21:00:00.000Z	2016-04-06T20:45:00.000Z	166
1862	9	0	55.926717767	37.3968272	2016-04-05T21:00:00.000Z	2016-04-06T20:45:00.000Z	0
9338	9	3860	55.904314695	37.944864924	2016-04-05T21:00:00.000Z	2016-04-06T20:45:00.000Z	52
9222	9	4449	55.732739933	37.628200777	2016-04-05T21:00:00.000Z	2016-04-06T20:45:00.000Z	23401
9226	9	3355	55.705515934	37.60189775	2016-04-05T21:00:00.000Z	2016-04-06T20:45:00.000Z	741
9304	9	5851	55.884085082	37.563708433	2016-04-05T21:00:00.000Z	2016-04-06T20:45:00.000Z	600
1854	9	0	55.727548328	37.3434218	2016-04-05T21:00:00.000Z	2016-04-06T20:45:00.000Z	23
9350	9	5989	55.69905156	37.796317709	2016-04-05T21:00:00.000Z	2016-04-06T20:45:00.000Z	800
9244	9	1179	55.881336897	37.286875761	2016-04-05T21:00:00.000Z	2016-04-06T20:45:00.000Z	15
9149	9	2810	55.779138832	37.53475821	2016-04-05T21:00:00.000Z	2016-04-06T20:45:00.000Z	575
9033	9	2491	55.765006165	37.607475797	2016-04-05T21:00:00.000Z	2016-04-06T20:45:00.000Z	2536
9117	9	2012	55.844929661	37.67081887	2016-04-05T21:00:00.000Z	2016-04-06T20:45:00.000Z	113
9268	9	4625	55.81907334	37.413786614	2016-04-05T21:00:00.000Z	2016-04-06T20:45:00.000Z	1444
9281	9	4123	55.755070137	37.849437792	2016-04-05T21:00:00.000Z	2016-04-06T20:45:00.000Z	712
9333	9	3529	55.569002639	37.883671503	2016-04-05T21:00:00.000Z	2016-04-06T20:45:00.000Z	28
9301	9	5733	55.802289386	37.690334074	2016-04-05T21:00:00.000Z	2016-04-06T20:45:00.000Z	667
9310	9	3276	55.691757174	37.362813503	2016-04-05T21:00:00.000Z	2016-04-06T20:45:00.000Z	4
9279	9	4115	55.914537906	37.732647809	2016-04-05T21:00:00.000Z	2016-04-06T20:45:00.000Z	221
9290	9	4406	55.870834156	37.699121905	2016-04-05T21:00:00.000Z	2016-04-06T20:45:00.000Z	177
9361	9	5662	55.582200761	37.267967772	2016-04-05T21:00:00.000Z	2016-04-06T20:45:00.000Z	315
9359	9	3984	55.84080279	37.77987729	2016-04-05T21:00:00.000Z	2016-04-06T20:45:00.000Z	138
9348	9	4911	55.523487042	37.545444537	2016-04-05T21:00:00.000Z	2016-04-06T20:45:00.000Z	321
9210	9	5008	55.754921429	37.568931463	2016-04-05T21:00:00.000Z	2016-04-06T20:45:00.000Z	9376
9243	9	3249	55.815546299	37.346101303	2016-04-05T21:00:00.000Z	2016-04-06T20:45:00.000Z	399
