8874	6	479	55.670571452	37.862091678	2016-04-01T21:00:00.000Z	2016-04-02T20:45:00.000Z	0
356	6	0	55.720070972	37.733665669	2016-04-01T21:00:00.000Z	2016-04-02T20:45:00.000Z	10
8109	6	590	55.697257619	37.622094135	2016-04-01T21:00:00.000Z	2016-04-02T20:45:00.000Z	1
61	6	0	55.770834177	37.422549013	2016-04-01T21:00:00.000Z	2016-04-02T20:45:00.000Z	6
8475	6	471	55.874786711	37.683491427	2016-04-01T21:00:00.000Z	2016-04-02T20:45:00.000Z	18
276	6	0	55.716181866	37.485516675	2016-04-01T21:00:00.000Z	2016-04-02T20:45:00.000Z	0
8714	6	684	55.797384975	37.728125063	2016-04-01T21:00:00.000Z	2016-04-02T20:45:00.000Z	10
8304	6	487	55.78275978	37.615431859	2016-04-01T21:00:00.000Z	2016-04-02T20:45:00.000Z	47
2143	6	0	55.888611111	37.523611111	2016-04-01T21:00:00.000Z	2016-04-02T20:45:00.000Z	7
8970	6	748	55.738176182	37.253536788	2016-04-01T21:00:00.000Z	2016-04-02T20:45:00.000Z	249
1705	6	0	55.585211677	37.544961388	2016-04-01T21:00:00.000Z	2016-04-02T20:45:00.000Z	2
8326	6	534	55.822900657	37.608139433	2016-04-01T21:00:00.000Z	2016-04-02T20:45:00.000Z	181
3754	6	0	55.890525667	37.418067558	2016-04-01T21:00:00.000Z	2016-04-02T20:45:00.000Z	0
7879	6	398	55.782385535	37.673680516	2016-04-01T21:00:00.000Z	2016-04-02T20:45:00.000Z	6
8599	6	336	55.8663708	37.62902575	2016-04-01T21:00:00.000Z	2016-04-02T20:45:00.000Z	7
8303	6	240	55.829263651	37.498014409	2016-04-01T21:00:00.000Z	2016-04-02T20:45:00.000Z	6
8634	6	509	55.713812097	37.791101934	2016-04-01T21:00:00.000Z	2016-04-02T20:45:00.000Z	208
8871	6	486	55.910603798	37.593045438	2016-04-01T21:00:00.000Z	2016-04-02T20:45:00.000Z	106
7406	6	105	55.785918101	37.285708028	2016-04-01T21:00:00.000Z	2016-04-02T20:45:00.000Z	33
3039	6	0	55.702749191	37.326765939	2016-04-01T21:00:00.000Z	2016-04-02T20:45:00.000Z	0
8791	6	526	55.683129891	37.511317078	2016-04-01T21:00:00.000Z	2016-04-02T20:45:00.000Z	14
7593	6	123	55.739245242	37.485206172	2016-04-01T21:00:00.000Z	2016-04-02T20:45:00.000Z	5
7954	6	325	55.728243108	37.678539938	2016-04-01T21:00:00.000Z	2016-04-02T20:45:00.000Z	7
8551	6	727	55.727191271	37.474962244	2016-04-01T21:00:00.000Z	2016-04-02T20:45:00.000Z	253
5669	6	18	55.866805506	37.682189633	2016-04-01T21:00:00.000Z	2016-04-02T20:45:00.000Z	18
7966	6	170	55.801257024	37.803147698	2016-04-01T21:00:00.000Z	2016-04-02T20:45:00.000Z	0
301	6	0	55.8199615	37.4658089	2016-04-01T21:00:00.000Z	2016-04-02T20:45:00.000Z	4
8465	6	605	55.671309814	37.564334165	2016-04-01T21:00:00.000Z	2016-04-02T20:45:00.000Z	3
633	6	0	55.621647974	37.30286425	2016-04-01T21:00:00.000Z	2016-04-02T20:45:00.000Z	175
8313	6	782	55.79186438	37.751000731	2016-04-01T21:00:00.000Z	2016-04-02T20:45:00.000Z	210
8149	6	727	55.729076228	37.57951524	2016-04-01T21:00:00.000Z	2016-04-02T20:45:00.000Z	113
8482	6	355	55.915537373	37.821651414	2016-04-01T21:00:00.000Z	2016-04-02T20:45:00.000Z	26
6100	6	32	55.713508948	37.719593272	2016-04-01T21:00:00.000Z	2016-04-02T20:45:00.000Z	20
1521	6	0	55.6667	37.6833	2016-04-01T21:00:00.000Z	2016-04-02T20:45:00.000Z	2
1620	6	0	55.712434178	37.270540807	2016-04-01T21:00:00.000Z	2016-04-02T20:45:00.000Z	59
8489	6	736	55.774459956	37.61349262	2016-04-01T21:00:00.000Z	2016-04-02T20:45:00.000Z	61
8310	6	241	55.66520147	37.581142036	2016-04-01T21:00:00.000Z	2016-04-02T20:45:00.000Z	0
7889	6	160	55.7344898	37.85475475	2016-04-01T21:00:00.000Z	2016-04-02T20:45:00.000Z	0
8428	6	475	55.885771706	37.587665719	2016-04-01T21:00:00.000Z	2016-04-02T20:45:00.000Z	68
8797	6	427	55.720202417	37.766293889	2016-04-01T21:00:00.000Z	2016-04-02T20:45:00.000Z	3
8176	6	540	55.698529513	37.500994119	2016-04-01T21:00:00.000Z	2016-04-02T20:45:00.000Z	50
8291	6	384	55.73527061	37.428656155	2016-04-01T21:00:00.000Z	2016-04-02T20:45:00.000Z	25
8343	6	352	55.812388837	37.798648556	2016-04-01T21:00:00.000Z	2016-04-02T20:45:00.000Z	21
8802	6	431	55.85135389	37.606674585	2016-04-01T21:00:00.000Z	2016-04-02T20:45:00.000Z	169
8288	6	327	55.651130027	37.744652017	2016-04-01T21:00:00.000Z	2016-04-02T20:45:00.000Z	33
8400	6	635	55.685093607	37.722586359	2016-04-01T21:00:00.000Z	2016-04-02T20:45:00.000Z	35
8409	6	772	55.707287351	37.595372308	2016-04-01T21:00:00.000Z	2016-04-02T20:45:00.000Z	353
8739	6	645	55.816096096	37.673561277	2016-04-01T21:00:00.000Z	2016-04-02T20:45:00.000Z	0
8778	6	749	55.627927583	37.843519742	2016-04-01T21:00:00.000Z	2016-04-02T20:45:00.000Z	0
1368	6	0	55.730718	37.499463	2016-04-01T21:00:00.000Z	2016-04-02T20:45:00.000Z	13
3704	6	0	55.85347133	37.31544566	2016-04-01T21:00:00.000Z	2016-04-02T20:45:00.000Z	0
8469	6	479	55.646255877	37.666310743	2016-04-01T21:00:00.000Z	2016-04-02T20:45:00.000Z	0
8766	6	706	55.67047305	37.769824642	2016-04-01T21:00:00.000Z	2016-04-02T20:45:00.000Z	199
8368	6	581	55.781233372	37.558458265	2016-04-01T21:00:00.000Z	2016-04-02T20:45:00.000Z	17
7892	6	467	55.756251991	37.561345718	2016-04-01T21:00:00.000Z	2016-04-02T20:45:00.000Z	513
8501	6	295	55.712957495	37.748181077	2016-04-01T21:00:00.000Z	2016-04-02T20:45:00.000Z	79
7829	6	218	55.762004587	37.585582422	2016-04-01T21:00:00.000Z	2016-04-02T20:45:00.000Z	125
8334	6	668	55.741346321	37.666651536	2016-04-01T21:00:00.000Z	2016-04-02T20:45:00.000Z	14
4526	6	0	55.928745326	37.241206169	2016-04-01T21:00:00.000Z	2016-04-02T20:45:00.000Z	2
895	6	0	55.787186343	37.350465702	2016-04-01T21:00:00.000Z	2016-04-02T20:45:00.000Z	0
2726	6	0	55.7488708	37.983507895	2016-04-01T21:00:00.000Z	2016-04-02T20:45:00.000Z	473
8519	6	486	55.800176076	37.666873557	2016-04-01T21:00:00.000Z	2016-04-02T20:45:00.000Z	0
8588	6	633	55.846856615	37.479050979	2016-04-01T21:00:00.000Z	2016-04-02T20:45:00.000Z	21
8339	6	363	55.789054888	37.535776728	2016-04-01T21:00:00.000Z	2016-04-02T20:45:00.000Z	163
2587	6	0	55.88532756	37.269301603	2016-04-01T21:00:00.000Z	2016-04-02T20:45:00.000Z	0
8226	6	402	55.67286571	37.54116929	2016-04-01T21:00:00.000Z	2016-04-02T20:45:00.000Z	9
7996	6	476	55.711197334	37.580122325	2016-04-01T21:00:00.000Z	2016-04-02T20:45:00.000Z	28
1781	6	0	55.84407248	37.61452922	2016-04-01T21:00:00.000Z	2016-04-02T20:45:00.000Z	0
7624	6	127	55.725012294	37.40035207	2016-04-01T21:00:00.000Z	2016-04-02T20:45:00.000Z	3
8295	6	576	55.710179899	37.728670469	2016-04-01T21:00:00.000Z	2016-04-02T20:45:00.000Z	77
8452	6	544	55.796416539	37.798796455	2016-04-01T21:00:00.000Z	2016-04-02T20:45:00.000Z	3
6519	6	58	55.76644275	37.58791545	2016-04-01T21:00:00.000Z	2016-04-02T20:45:00.000Z	4
8324	6	708	55.711887197	37.669508761	2016-04-01T21:00:00.000Z	2016-04-02T20:45:00.000Z	63
8627	6	348	55.722130141	37.697656348	2016-04-01T21:00:00.000Z	2016-04-02T20:45:00.000Z	57
8437	6	676	55.849671151	37.441741575	2016-04-01T21:00:00.000Z	2016-04-02T20:45:00.000Z	129
8138	6	205	55.675039973	37.503393397	2016-04-01T21:00:00.000Z	2016-04-02T20:45:00.000Z	99
2305	6	0	55.70975465	37.87880501	2016-04-01T21:00:00.000Z	2016-04-02T20:45:00.000Z	0
7434	6	215	55.749572355	37.560615441	2016-04-01T21:00:00.000Z	2016-04-02T20:45:00.000Z	484
8602	6	754	55.615272185	37.700162844	2016-04-01T21:00:00.000Z	2016-04-02T20:45:00.000Z	0
2062	6	0	55.814288228	37.471747216	2016-04-01T21:00:00.000Z	2016-04-02T20:45:00.000Z	0
7849	6	280	55.806337163	37.814340132	2016-04-01T21:00:00.000Z	2016-04-02T20:45:00.000Z	7
8838	6	460	55.688396888	37.907245991	2016-04-01T21:00:00.000Z	2016-04-02T20:45:00.000Z	184
8609	6	339	55.7691703	37.53218095	2016-04-01T21:00:00.000Z	2016-04-02T20:45:00.000Z	8
6613	6	52	55.942521398	37.262224625	2016-04-01T21:00:00.000Z	2016-04-02T20:45:00.000Z	60
8406	6	522	55.649370308	37.518728432	2016-04-01T21:00:00.000Z	2016-04-02T20:45:00.000Z	4
3948	6	0	55.916944444	37.981111111	2016-04-01T21:00:00.000Z	2016-04-02T20:45:00.000Z	152
7822	6	151	55.646505	37.470325	2016-04-01T21:00:00.000Z	2016-04-02T20:45:00.000Z	32
8269	6	555	55.775218725	37.676516622	2016-04-01T21:00:00.000Z	2016-04-02T20:45:00.000Z	52
8377	6	462	55.741821194	37.413911509	2016-04-01T21:00:00.000Z	2016-04-02T20:45:00.000Z	95
8595	6	334	55.880335629	37.657869712	2016-04-01T21:00:00.000Z	2016-04-02T20:45:00.000Z	17
7989	6	277	55.758443547	37.737632688	2016-04-01T21:00:00.000Z	2016-04-02T20:45:00.000Z	2
8354	6	250	55.834760905	37.469798186	2016-04-01T21:00:00.000Z	2016-04-02T20:45:00.000Z	6
2099	6	0	55.59479294	37.824424484	2016-04-01T21:00:00.000Z	2016-04-02T20:45:00.000Z	12
3761	6	0	55.659270287	37.800763249	2016-04-01T21:00:00.000Z	2016-04-02T20:45:00.000Z	0
8258	6	461	55.798579531	37.516330415	2016-04-01T21:00:00.000Z	2016-04-02T20:45:00.000Z	29
8419	6	443	55.878658764	37.725050895	2016-04-01T21:00:00.000Z	2016-04-02T20:45:00.000Z	1
8659	6	539	55.881532903	37.602509698	2016-04-01T21:00:00.000Z	2016-04-02T20:45:00.000Z	1
7704	6	136	55.77493855	37.697689882	2016-04-01T21:00:00.000Z	2016-04-02T20:45:00.000Z	10
8650	6	520	55.908417101	37.394478638	2016-04-01T21:00:00.000Z	2016-04-02T20:45:00.000Z	194
4849	6	0	55.777	37.789	2016-04-01T21:00:00.000Z	2016-04-02T20:45:00.000Z	120
7662	6	131	55.733868214	37.677656083	2016-04-01T21:00:00.000Z	2016-04-02T20:45:00.000Z	2
7684	6	161	55.802445881	37.741680981	2016-04-01T21:00:00.000Z	2016-04-02T20:45:00.000Z	36
2494	6	0	55.631566798	37.860480742	2016-04-01T21:00:00.000Z	2016-04-02T20:45:00.000Z	0
2815	6	0	55.7075385	37.92136197	2016-04-01T21:00:00.000Z	2016-04-02T20:45:00.000Z	12
2915	6	0	55.58603839	37.39775075	2016-04-01T21:00:00.000Z	2016-04-02T20:45:00.000Z	0
1691	6	0	55.970841046	37.537707638	2016-04-01T21:00:00.000Z	2016-04-02T20:45:00.000Z	0
7794	6	180	55.83265992	37.552614631	2016-04-01T21:00:00.000Z	2016-04-02T20:45:00.000Z	0
8485	6	287	55.763091057	37.410199188	2016-04-01T21:00:00.000Z	2016-04-02T20:45:00.000Z	20
8454	6	632	55.540433148	37.514507893	2016-04-01T21:00:00.000Z	2016-04-02T20:45:00.000Z	184
8683	6	722	55.857823364	37.652237827	2016-04-01T21:00:00.000Z	2016-04-02T20:45:00.000Z	48
8395	6	639	55.720181747	37.678214805	2016-04-01T21:00:00.000Z	2016-04-02T20:45:00.000Z	186
7546	6	129	55.752868582	37.885739229	2016-04-01T21:00:00.000Z	2016-04-02T20:45:00.000Z	24
9041	6	797	55.597679349	37.628609077	2016-04-01T21:00:00.000Z	2016-04-02T20:45:00.000Z	102
8056	6	517	55.686675267	37.5733124	2016-04-01T21:00:00.000Z	2016-04-02T20:45:00.000Z	27
8681	6	524	55.705160796	37.771960445	2016-04-01T21:00:00.000Z	2016-04-02T20:45:00.000Z	114
7590	6	360	55.771142089	37.603395697	2016-04-01T21:00:00.000Z	2016-04-02T20:45:00.000Z	10
2058	6	0	55.8793	37.42236	2016-04-01T21:00:00.000Z	2016-04-02T20:45:00.000Z	0
8418	6	592	55.78609055	37.514422841	2016-04-01T21:00:00.000Z	2016-04-02T20:45:00.000Z	4
8992	6	582	55.850090393	37.40670608	2016-04-01T21:00:00.000Z	2016-04-02T20:45:00.000Z	2
8251	6	687	55.739933738	37.633669752	2016-04-01T21:00:00.000Z	2016-04-02T20:45:00.000Z	151
8401	6	576	55.668698448	37.528249608	2016-04-01T21:00:00.000Z	2016-04-02T20:45:00.000Z	74
8355	6	350	55.628185117	37.651654686	2016-04-01T21:00:00.000Z	2016-04-02T20:45:00.000Z	9
8610	6	562	55.669950755	37.276716023	2016-04-01T21:00:00.000Z	2016-04-02T20:45:00.000Z	290
3665	6	0	55.88927608	37.44416715	2016-04-01T21:00:00.000Z	2016-04-02T20:45:00.000Z	2
8552	6	473	55.83960788	37.352954024	2016-04-01T21:00:00.000Z	2016-04-02T20:45:00.000Z	31
8213	6	221	55.79899187	37.408100345	2016-04-01T21:00:00.000Z	2016-04-02T20:45:00.000Z	0
8052	6	548	55.817603709	37.496534434	2016-04-01T21:00:00.000Z	2016-04-02T20:45:00.000Z	19
7605	6	125	55.703360435	37.671228977	2016-04-01T21:00:00.000Z	2016-04-02T20:45:00.000Z	10
8769	6	535	55.588678482	37.728872367	2016-04-01T21:00:00.000Z	2016-04-02T20:45:00.000Z	256
8625	6	557	55.645278546	37.758905432	2016-04-01T21:00:00.000Z	2016-04-02T20:45:00.000Z	0
3259	6	0	55.57754444	37.76007174	2016-04-01T21:00:00.000Z	2016-04-02T20:45:00.000Z	0
7952	6	540	55.74055502	37.596641266	2016-04-01T21:00:00.000Z	2016-04-02T20:45:00.000Z	268
8366	6	253	55.591116005	37.374139095	2016-04-01T21:00:00.000Z	2016-04-02T20:45:00.000Z	0
2442	6	0	55.664361792	37.536495431	2016-04-01T21:00:00.000Z	2016-04-02T20:45:00.000Z	8
8470	6	453	55.751828647	37.868610657	2016-04-01T21:00:00.000Z	2016-04-02T20:45:00.000Z	315
8417	6	413	55.546602649	37.539368583	2016-04-01T21:00:00.000Z	2016-04-02T20:45:00.000Z	69
7062	6	142	55.583947332	37.59587184	2016-04-01T21:00:00.000Z	2016-04-02T20:45:00.000Z	1
8242	6	426	55.862314012	37.602018503	2016-04-01T21:00:00.000Z	2016-04-02T20:45:00.000Z	132
3474	6	0	55.815219926	37.405599661	2016-04-01T21:00:00.000Z	2016-04-02T20:45:00.000Z	311
8725	6	564	55.731206515	37.69523678	2016-04-01T21:00:00.000Z	2016-04-02T20:45:00.000Z	42
8323	6	544	55.704568658	37.619220929	2016-04-01T21:00:00.000Z	2016-04-02T20:45:00.000Z	51
991	6	0	55.815318831	37.555644137	2016-04-01T21:00:00.000Z	2016-04-02T20:45:00.000Z	11
8360	6	391	55.781738748	37.69418195	2016-04-01T21:00:00.000Z	2016-04-02T20:45:00.000Z	2
8958	6	623	55.563868262	37.441183688	2016-04-01T21:00:00.000Z	2016-04-02T20:45:00.000Z	16
8712	6	539	55.72878829	37.830201904	2016-04-01T21:00:00.000Z	2016-04-02T20:45:00.000Z	9
8660	6	558	55.75938043	37.439005664	2016-04-01T21:00:00.000Z	2016-04-02T20:45:00.000Z	14
9	6	0	55.75491308	37.522136946	2016-04-01T21:00:00.000Z	2016-04-02T20:45:00.000Z	8
8600	6	634	55.634502361	37.604920939	2016-04-01T21:00:00.000Z	2016-04-02T20:45:00.000Z	94
7646	6	184	55.858224308	37.695348503	2016-04-01T21:00:00.000Z	2016-04-02T20:45:00.000Z	50
8383	6	452	55.640879602	37.349426623	2016-04-01T21:00:00.000Z	2016-04-02T20:45:00.000Z	78
8362	6	453	55.734254158	37.551950317	2016-04-01T21:00:00.000Z	2016-04-02T20:45:00.000Z	6
8649	6	355	55.795070521	37.959939024	2016-04-01T21:00:00.000Z	2016-04-02T20:45:00.000Z	0
8186	6	684	55.781923208	37.71839537	2016-04-01T21:00:00.000Z	2016-04-02T20:45:00.000Z	41
8626	6	565	55.945956702	37.290621563	2016-04-01T21:00:00.000Z	2016-04-02T20:45:00.000Z	4
8826	6	772	55.903920602	37.424293746	2016-04-01T21:00:00.000Z	2016-04-02T20:45:00.000Z	62
8160	6	458	55.791937209	37.521997955	2016-04-01T21:00:00.000Z	2016-04-02T20:45:00.000Z	380
8621	6	665	55.678284585	37.595456626	2016-04-01T21:00:00.000Z	2016-04-02T20:45:00.000Z	31
8011	6	177	55.677540378	37.385753059	2016-04-01T21:00:00.000Z	2016-04-02T20:45:00.000Z	5
8509	6	374	55.742772038	37.846329983	2016-04-01T21:00:00.000Z	2016-04-02T20:45:00.000Z	6
8686	6	457	55.753920248	37.418385995	2016-04-01T21:00:00.000Z	2016-04-02T20:45:00.000Z	77
8112	6	743	55.775334414	37.587256029	2016-04-01T21:00:00.000Z	2016-04-02T20:45:00.000Z	157
8793	6	664	55.641149043	37.614376651	2016-04-01T21:00:00.000Z	2016-04-02T20:45:00.000Z	13
2148	6	0	55.824596437	37.536411937	2016-04-01T21:00:00.000Z	2016-04-02T20:45:00.000Z	8
7386	6	331	55.750199603	37.595105228	2016-04-01T21:00:00.000Z	2016-04-02T20:45:00.000Z	952
8188	6	618	55.770695167	37.579561983	2016-04-01T21:00:00.000Z	2016-04-02T20:45:00.000Z	113
8569	6	611	55.83507463	37.66148048	2016-04-01T21:00:00.000Z	2016-04-02T20:45:00.000Z	2
8890	6	490	55.849079264	37.680678559	2016-04-01T21:00:00.000Z	2016-04-02T20:45:00.000Z	1
8718	6	384	55.771026111	37.403678584	2016-04-01T21:00:00.000Z	2016-04-02T20:45:00.000Z	1
8498	6	586	55.671197191	37.492641534	2016-04-01T21:00:00.000Z	2016-04-02T20:45:00.000Z	126
8459	6	424	55.922401284	37.859915434	2016-04-01T21:00:00.000Z	2016-04-02T20:45:00.000Z	17
811	6	0	55.809788083	37.682259683	2016-04-01T21:00:00.000Z	2016-04-02T20:45:00.000Z	0
1633	6	0	55.76521	37.47197	2016-04-01T21:00:00.000Z	2016-04-02T20:45:00.000Z	43
8170	6	211	55.78912271	37.80963561	2016-04-01T21:00:00.000Z	2016-04-02T20:45:00.000Z	85
7977	6	543	55.804680192	37.526662538	2016-04-01T21:00:00.000Z	2016-04-02T20:45:00.000Z	2
1291	6	0	55.634995403	37.812051989	2016-04-01T21:00:00.000Z	2016-04-02T20:45:00.000Z	0
8844	6	762	55.763343249	37.815566467	2016-04-01T21:00:00.000Z	2016-04-02T20:45:00.000Z	27
7241	6	198	55.823162842	37.499336613	2016-04-01T21:00:00.000Z	2016-04-02T20:45:00.000Z	268
7866	6	305	55.740792563	37.555100483	2016-04-01T21:00:00.000Z	2016-04-02T20:45:00.000Z	2
8173	6	449	55.682240049	37.623261523	2016-04-01T21:00:00.000Z	2016-04-02T20:45:00.000Z	9
8835	6	728	55.823971804	37.75355186	2016-04-01T21:00:00.000Z	2016-04-02T20:45:00.000Z	20
8808	6	764	55.825011181	37.567832109	2016-04-01T21:00:00.000Z	2016-04-02T20:45:00.000Z	21
8145	6	775	55.753846551	37.595209619	2016-04-01T21:00:00.000Z	2016-04-02T20:45:00.000Z	370
8760	6	673	55.717148961	37.406436501	2016-04-01T21:00:00.000Z	2016-04-02T20:45:00.000Z	96
7398	6	104	55.683971243	37.553468674	2016-04-01T21:00:00.000Z	2016-04-02T20:45:00.000Z	0
8206	6	373	55.698764814	37.769100437	2016-04-01T21:00:00.000Z	2016-04-02T20:45:00.000Z	30
8463	6	638	55.793678953	37.716661943	2016-04-01T21:00:00.000Z	2016-04-02T20:45:00.000Z	118
4658	6	0	55.859880817	37.513515319	2016-04-01T21:00:00.000Z	2016-04-02T20:45:00.000Z	2
2852	6	0	55.631505667	37.7399461	2016-04-01T21:00:00.000Z	2016-04-02T20:45:00.000Z	4
8246	6	731	55.666084129	37.482280957	2016-04-01T21:00:00.000Z	2016-04-02T20:45:00.000Z	301
909	6	0	55.638697972	37.540396313	2016-04-01T21:00:00.000Z	2016-04-02T20:45:00.000Z	81
8526	6	668	55.846540517	37.584996106	2016-04-01T21:00:00.000Z	2016-04-02T20:45:00.000Z	24
8722	6	598	55.655185233	37.576480839	2016-04-01T21:00:00.000Z	2016-04-02T20:45:00.000Z	62
8394	6	630	55.793757799	37.566790148	2016-04-01T21:00:00.000Z	2016-04-02T20:45:00.000Z	15
8603	6	631	55.855606536	37.49439367	2016-04-01T21:00:00.000Z	2016-04-02T20:45:00.000Z	7
8605	6	775	55.556922061	37.712169488	2016-04-01T21:00:00.000Z	2016-04-02T20:45:00.000Z	10
4495	6	0	55.897033	37.7300426	2016-04-01T21:00:00.000Z	2016-04-02T20:45:00.000Z	2
2648	6	0	55.986102727	37.405398325	2016-04-01T21:00:00.000Z	2016-04-02T20:45:00.000Z	0
4694	6	0	55.675772727	37.553084467	2016-04-01T21:00:00.000Z	2016-04-02T20:45:00.000Z	0
1459	6	0	55.690631439	37.250188599	2016-04-01T21:00:00.000Z	2016-04-02T20:45:00.000Z	36
8309	6	615	55.710744365	37.620880158	2016-04-01T21:00:00.000Z	2016-04-02T20:45:00.000Z	210
3060	6	0	55.560921442	37.360882926	2016-04-01T21:00:00.000Z	2016-04-02T20:45:00.000Z	0
8773	6	591	55.866507539	37.5417873	2016-04-01T21:00:00.000Z	2016-04-02T20:45:00.000Z	21
8906	6	556	55.765512387	37.373714428	2016-04-01T21:00:00.000Z	2016-04-02T20:45:00.000Z	73
8926	6	515	55.675156603	37.442869442	2016-04-01T21:00:00.000Z	2016-04-02T20:45:00.000Z	49
605	6	0	55.864725779	37.713420214	2016-04-01T21:00:00.000Z	2016-04-02T20:45:00.000Z	18
8560	6	625	55.703373455	37.558557175	2016-04-01T21:00:00.000Z	2016-04-02T20:45:00.000Z	137
8549	6	508	55.658966061	37.523764826	2016-04-01T21:00:00.000Z	2016-04-02T20:45:00.000Z	7
2549	6	0	55.890102305	37.579443455	2016-04-01T21:00:00.000Z	2016-04-02T20:45:00.000Z	0
1098	6	0	55.630164078	37.379743544	2016-04-01T21:00:00.000Z	2016-04-02T20:45:00.000Z	0
8515	6	447	55.808065703	37.468314987	2016-04-01T21:00:00.000Z	2016-04-02T20:45:00.000Z	24
8235	6	481	55.652923477	37.470446962	2016-04-01T21:00:00.000Z	2016-04-02T20:45:00.000Z	2
8572	6	320	55.902985711	37.717285875	2016-04-01T21:00:00.000Z	2016-04-02T20:45:00.000Z	4
7910	6	500	55.736010327	37.605013828	2016-04-01T21:00:00.000Z	2016-04-02T20:45:00.000Z	496
8332	6	785	55.717317819	37.659910926	2016-04-01T21:00:00.000Z	2016-04-02T20:45:00.000Z	41
7771	6	557	55.778674185	37.636892886	2016-04-01T21:00:00.000Z	2016-04-02T20:45:00.000Z	373
8067	6	190	55.622393158	37.493968107	2016-04-01T21:00:00.000Z	2016-04-02T20:45:00.000Z	13
4515	6	0	55.5049904	37.535544	2016-04-01T21:00:00.000Z	2016-04-02T20:45:00.000Z	2
8205	6	722	55.749677795	37.54056815	2016-04-01T21:00:00.000Z	2016-04-02T20:45:00.000Z	2218
8690	6	451	55.597121268	37.521383526	2016-04-01T21:00:00.000Z	2016-04-02T20:45:00.000Z	0
8062	6	304	55.754803233	37.404638567	2016-04-01T21:00:00.000Z	2016-04-02T20:45:00.000Z	14
8543	6	600	55.691944695	37.744682172	2016-04-01T21:00:00.000Z	2016-04-02T20:45:00.000Z	10
2876	6	0	55.778275846	37.369604271	2016-04-01T21:00:00.000Z	2016-04-02T20:45:00.000Z	0
7856	6	235	55.782847466	37.5716586	2016-04-01T21:00:00.000Z	2016-04-02T20:45:00.000Z	131
8083	6	192	55.582431422	37.669304079	2016-04-01T21:00:00.000Z	2016-04-02T20:45:00.000Z	0
2308	6	0	55.630779136	37.678684512	2016-04-01T21:00:00.000Z	2016-04-02T20:45:00.000Z	0
7974	6	390	55.74473124	37.584416724	2016-04-01T21:00:00.000Z	2016-04-02T20:45:00.000Z	19
8568	6	605	55.813102453	37.710658006	2016-04-01T21:00:00.000Z	2016-04-02T20:45:00.000Z	42
8131	6	203	55.798512777	37.498091325	2016-04-01T21:00:00.000Z	2016-04-02T20:45:00.000Z	19
4159	6	0	55.60405	37.68179	2016-04-01T21:00:00.000Z	2016-04-02T20:45:00.000Z	0
8525	6	786	55.761228409	37.659613152	2016-04-01T21:00:00.000Z	2016-04-02T20:45:00.000Z	241
8050	6	500	55.722892949	37.594918446	2016-04-01T21:00:00.000Z	2016-04-02T20:45:00.000Z	20
8384	6	602	55.72221593	37.608105323	2016-04-01T21:00:00.000Z	2016-04-02T20:45:00.000Z	77
8548	6	591	55.671045329	37.454204531	2016-04-01T21:00:00.000Z	2016-04-02T20:45:00.000Z	29
8425	6	700	55.808298127	37.498256308	2016-04-01T21:00:00.000Z	2016-04-02T20:45:00.000Z	27
8670	6	364	55.602458975	37.737218165	2016-04-01T21:00:00.000Z	2016-04-02T20:45:00.000Z	15
8387	6	672	55.762155097	37.560627477	2016-04-01T21:00:00.000Z	2016-04-02T20:45:00.000Z	306
7819	6	151	55.933899129	37.497002325	2016-04-01T21:00:00.000Z	2016-04-02T20:45:00.000Z	2
7301	6	158	55.748550923	37.577157995	2016-04-01T21:00:00.000Z	2016-04-02T20:45:00.000Z	15
8039	6	606	55.78122332	37.581325659	2016-04-01T21:00:00.000Z	2016-04-02T20:45:00.000Z	9
8292	6	701	55.797696749	37.542793399	2016-04-01T21:00:00.000Z	2016-04-02T20:45:00.000Z	57
8545	6	333	55.853242832	37.472327564	2016-04-01T21:00:00.000Z	2016-04-02T20:45:00.000Z	13
8322	6	397	55.631934332	37.620521923	2016-04-01T21:00:00.000Z	2016-04-02T20:45:00.000Z	8
8161	6	751	55.753905977	37.58121147	2016-04-01T21:00:00.000Z	2016-04-02T20:45:00.000Z	402
8530	6	493	55.742807443	37.863650525	2016-04-01T21:00:00.000Z	2016-04-02T20:45:00.000Z	19
7215	6	130	55.681547554	37.608667242	2016-04-01T21:00:00.000Z	2016-04-02T20:45:00.000Z	0
8940	6	630	55.729264798	37.376330987	2016-04-01T21:00:00.000Z	2016-04-02T20:45:00.000Z	11
8565	6	529	55.71288764	37.55590625	2016-04-01T21:00:00.000Z	2016-04-02T20:45:00.000Z	108
8689	6	552	55.622859692	37.610464931	2016-04-01T21:00:00.000Z	2016-04-02T20:45:00.000Z	42
4830	6	0	55.972777778	37.414722222	2016-04-01T21:00:00.000Z	2016-04-02T20:45:00.000Z	255
7789	6	247	55.789535	37.621661511	2016-04-01T21:00:00.000Z	2016-04-02T20:45:00.000Z	1
8222	6	703	55.742710764	37.617522878	2016-04-01T21:00:00.000Z	2016-04-02T20:45:00.000Z	504
8279	6	522	55.730862651	37.509287505	2016-04-01T21:00:00.000Z	2016-04-02T20:45:00.000Z	37
4109	6	0	55.8775854	37.365046439	2016-04-01T21:00:00.000Z	2016-04-02T20:45:00.000Z	0
4756	6	0	55.863611111	37.7775	2016-04-01T21:00:00.000Z	2016-04-02T20:45:00.000Z	161
8042	6	377	55.657335835	37.846054547	2016-04-01T21:00:00.000Z	2016-04-02T20:45:00.000Z	259
2547	6	0	55.8463	37.45508	2016-04-01T21:00:00.000Z	2016-04-02T20:45:00.000Z	0
7839	6	328	55.752540473	37.653349507	2016-04-01T21:00:00.000Z	2016-04-02T20:45:00.000Z	5
8746	6	509	55.803727425	37.8395017	2016-04-01T21:00:00.000Z	2016-04-02T20:45:00.000Z	15
6513	6	48	55.670722508	37.480763824	2016-04-01T21:00:00.000Z	2016-04-02T20:45:00.000Z	13
717	6	0	55.514086503	37.335310011	2016-04-01T21:00:00.000Z	2016-04-02T20:45:00.000Z	14
8277	6	567	55.739019988	37.525780203	2016-04-01T21:00:00.000Z	2016-04-02T20:45:00.000Z	506
2771	6	0	55.85955784	37.82124482	2016-04-01T21:00:00.000Z	2016-04-02T20:45:00.000Z	0
8636	6	668	55.946744914	37.497597344	2016-04-01T21:00:00.000Z	2016-04-02T20:45:00.000Z	0
8289	6	666	55.745694215	37.563257662	2016-04-01T21:00:00.000Z	2016-04-02T20:45:00.000Z	207
7964	6	613	55.751160723	37.625084121	2016-04-01T21:00:00.000Z	2016-04-02T20:45:00.000Z	247
8365	6	253	55.827558906	37.518495127	2016-04-01T21:00:00.000Z	2016-04-02T20:45:00.000Z	5
7490	6	174	55.704953373	37.646690365	2016-04-01T21:00:00.000Z	2016-04-02T20:45:00.000Z	1
8153	6	424	55.815432441	37.652260569	2016-04-01T21:00:00.000Z	2016-04-02T20:45:00.000Z	1
8266	6	709	55.796804072	37.615062697	2016-04-01T21:00:00.000Z	2016-04-02T20:45:00.000Z	124
8262	6	586	55.727179125	37.543371368	2016-04-01T21:00:00.000Z	2016-04-02T20:45:00.000Z	66
1339	6	0	55.95104	37.41186	2016-04-01T21:00:00.000Z	2016-04-02T20:45:00.000Z	0
3386	6	0	55.65356	37.71214	2016-04-01T21:00:00.000Z	2016-04-02T20:45:00.000Z	0
8711	6	382	55.609049399	37.587334653	2016-04-01T21:00:00.000Z	2016-04-02T20:45:00.000Z	0
7930	6	166	55.897492922	37.541129402	2016-04-01T21:00:00.000Z	2016-04-02T20:45:00.000Z	17
487	6	0	55.680174727	37.575786963	2016-04-01T21:00:00.000Z	2016-04-02T20:45:00.000Z	0
8717	6	752	55.61896353	37.675158904	2016-04-01T21:00:00.000Z	2016-04-02T20:45:00.000Z	148
8473	6	719	55.964120126	37.412706442	2016-04-01T21:00:00.000Z	2016-04-02T20:45:00.000Z	499
8484	6	520	55.658566464	37.595236009	2016-04-01T21:00:00.000Z	2016-04-02T20:45:00.000Z	2
7979	6	302	55.730251936	37.716084093	2016-04-01T21:00:00.000Z	2016-04-02T20:45:00.000Z	11
8298	6	239	55.818572574	37.818598801	2016-04-01T21:00:00.000Z	2016-04-02T20:45:00.000Z	11
8546	6	763	55.743681649	37.427379172	2016-04-01T21:00:00.000Z	2016-04-02T20:45:00.000Z	133
8579	6	738	55.611701533	37.605420989	2016-04-01T21:00:00.000Z	2016-04-02T20:45:00.000Z	235
8271	6	378	55.80736228	37.452446925	2016-04-01T21:00:00.000Z	2016-04-02T20:45:00.000Z	27
8331	6	424	55.790052066	37.884258057	2016-04-01T21:00:00.000Z	2016-04-02T20:45:00.000Z	0
7207	6	146	55.831104345	37.452046165	2016-04-01T21:00:00.000Z	2016-04-02T20:45:00.000Z	16
8382	6	637	55.713761507	37.572043533	2016-04-01T21:00:00.000Z	2016-04-02T20:45:00.000Z	128
8701	6	591	55.768526788	37.733966646	2016-04-01T21:00:00.000Z	2016-04-02T20:45:00.000Z	14
8017	6	411	55.770242031	37.634862012	2016-04-01T21:00:00.000Z	2016-04-02T20:45:00.000Z	86
2242	6	0	55.816070405	37.767212482	2016-04-01T21:00:00.000Z	2016-04-02T20:45:00.000Z	0
8125	6	202	55.869378438	37.40853187	2016-04-01T21:00:00.000Z	2016-04-02T20:45:00.000Z	528
7948	6	606	55.755750485	37.662214052	2016-04-01T21:00:00.000Z	2016-04-02T20:45:00.000Z	625
8392	6	717	55.839042913	37.640948086	2016-04-01T21:00:00.000Z	2016-04-02T20:45:00.000Z	22
8833	6	465	55.800310495	37.297763628	2016-04-01T21:00:00.000Z	2016-04-02T20:45:00.000Z	17
8547	6	761	55.7782702	37.484757091	2016-04-01T21:00:00.000Z	2016-04-02T20:45:00.000Z	24
8534	6	580	55.667709765	37.551383803	2016-04-01T21:00:00.000Z	2016-04-02T20:45:00.000Z	32
8301	6	599	55.766498809	37.639273641	2016-04-01T21:00:00.000Z	2016-04-02T20:45:00.000Z	209
8613	6	652	55.796227563	37.586012496	2016-04-01T21:00:00.000Z	2016-04-02T20:45:00.000Z	12
3191	6	0	55.90947	37.86635	2016-04-01T21:00:00.000Z	2016-04-02T20:45:00.000Z	0
8598	6	762	55.860011304	37.586281329	2016-04-01T21:00:00.000Z	2016-04-02T20:45:00.000Z	15
3364	6	0	55.92389585	37.612513745	2016-04-01T21:00:00.000Z	2016-04-02T20:45:00.000Z	0
4483	6	0	55.848045	37.719365	2016-04-01T21:00:00.000Z	2016-04-02T20:45:00.000Z	0
653	6	0	55.722051315	37.617162587	2016-04-01T21:00:00.000Z	2016-04-02T20:45:00.000Z	21
534	6	0	55.572512373	37.486614789	2016-04-01T21:00:00.000Z	2016-04-02T20:45:00.000Z	0
8765	6	785	55.806926539	37.553583586	2016-04-01T21:00:00.000Z	2016-04-02T20:45:00.000Z	60
7973	6	580	55.749434898	37.617218434	2016-04-01T21:00:00.000Z	2016-04-02T20:45:00.000Z	18998
7210	6	123	55.731679935	37.488178856	2016-04-01T21:00:00.000Z	2016-04-02T20:45:00.000Z	435
8601	6	687	55.802778378	37.6393901	2016-04-01T21:00:00.000Z	2016-04-02T20:45:00.000Z	10
8027	6	387	55.789855803	37.608754092	2016-04-01T21:00:00.000Z	2016-04-02T20:45:00.000Z	54
4612	6	0	55.606981962	37.532520597	2016-04-01T21:00:00.000Z	2016-04-02T20:45:00.000Z	0
8278	6	274	55.907549698	37.54021925	2016-04-01T21:00:00.000Z	2016-04-02T20:45:00.000Z	120
8508	6	297	55.797457406	37.975950643	2016-04-01T21:00:00.000Z	2016-04-02T20:45:00.000Z	0
8503	6	550	55.748433876	37.814059831	2016-04-01T21:00:00.000Z	2016-04-02T20:45:00.000Z	46
7777	6	308	55.694400055	37.663857136	2016-04-01T21:00:00.000Z	2016-04-02T20:45:00.000Z	41
8604	6	654	55.573925299	37.573532641	2016-04-01T21:00:00.000Z	2016-04-02T20:45:00.000Z	64
8347	6	527	55.565728255	37.565180487	2016-04-01T21:00:00.000Z	2016-04-02T20:45:00.000Z	323
843	6	0	55.776695591	37.573883731	2016-04-01T21:00:00.000Z	2016-04-02T20:45:00.000Z	0
8223	6	397	55.696447987	37.542694406	2016-04-01T21:00:00.000Z	2016-04-02T20:45:00.000Z	110
8707	6	593	55.898759007	37.45444862	2016-04-01T21:00:00.000Z	2016-04-02T20:45:00.000Z	421
555	6	0	55.616626851	37.47117362	2016-04-01T21:00:00.000Z	2016-04-02T20:45:00.000Z	10
1408	6	0	55.865810975	37.462791412	2016-04-01T21:00:00.000Z	2016-04-02T20:45:00.000Z	20
8554	6	401	55.612755673	37.720116906	2016-04-01T21:00:00.000Z	2016-04-02T20:45:00.000Z	40
2345	6	0	55.723597846	37.9078107	2016-04-01T21:00:00.000Z	2016-04-02T20:45:00.000Z	44
3522	6	0	55.71393345	37.38754096	2016-04-01T21:00:00.000Z	2016-04-02T20:45:00.000Z	0
8478	6	543	55.836419763	37.618936557	2016-04-01T21:00:00.000Z	2016-04-02T20:45:00.000Z	346
1765	6	0	55.806228975	37.423966475	2016-04-01T21:00:00.000Z	2016-04-02T20:45:00.000Z	0
804	6	0	55.777562934	37.502891501	2016-04-01T21:00:00.000Z	2016-04-02T20:45:00.000Z	2
4207	6	0	55.62920138	37.42489833	2016-04-01T21:00:00.000Z	2016-04-02T20:45:00.000Z	0
8036	6	567	55.739526855	37.585535037	2016-04-01T21:00:00.000Z	2016-04-02T20:45:00.000Z	60
8702	6	699	55.750106817	37.794226588	2016-04-01T21:00:00.000Z	2016-04-02T20:45:00.000Z	84
4581	6	0	55.8989601	37.3790817	2016-04-01T21:00:00.000Z	2016-04-02T20:45:00.000Z	0
4423	6	0	55.90552	37.65965	2016-04-01T21:00:00.000Z	2016-04-02T20:45:00.000Z	16
8606	6	759	55.649781424	37.592018648	2016-04-01T21:00:00.000Z	2016-04-02T20:45:00.000Z	50
7867	6	250	55.691989433	37.622746393	2016-04-01T21:00:00.000Z	2016-04-02T20:45:00.000Z	35
1862	6	0	55.926717767	37.3968272	2016-04-01T21:00:00.000Z	2016-04-02T20:45:00.000Z	0
7945	6	168	55.797676728	37.812198541	2016-04-01T21:00:00.000Z	2016-04-02T20:45:00.000Z	0
8244	6	622	55.756403489	37.648950251	2016-04-01T21:00:00.000Z	2016-04-02T20:45:00.000Z	37
8728	6	504	55.616029492	37.511500098	2016-04-01T21:00:00.000Z	2016-04-02T20:45:00.000Z	24
7145	6	84	55.833911119	37.519761166	2016-04-01T21:00:00.000Z	2016-04-02T20:45:00.000Z	60
7299	6	96	55.574034991	37.618993648	2016-04-01T21:00:00.000Z	2016-04-02T20:45:00.000Z	69
8821	6	609	55.915199714	37.798013683	2016-04-01T21:00:00.000Z	2016-04-02T20:45:00.000Z	34
7881	6	510	55.761329869	37.575440024	2016-04-01T21:00:00.000Z	2016-04-02T20:45:00.000Z	274
8446	6	703	55.747743442	37.664833343	2016-04-01T21:00:00.000Z	2016-04-02T20:45:00.000Z	16
8013	6	263	55.549130109	37.554004643	2016-04-01T21:00:00.000Z	2016-04-02T20:45:00.000Z	126
8411	6	411	55.755709275	37.706420548	2016-04-01T21:00:00.000Z	2016-04-02T20:45:00.000Z	7
8700	6	437	55.702474028	37.845871111	2016-04-01T21:00:00.000Z	2016-04-02T20:45:00.000Z	59
9113	6	756	55.69104901	37.45469372	2016-04-01T21:00:00.000Z	2016-04-02T20:45:00.000Z	6
8319	6	649	55.828478084	37.441840148	2016-04-01T21:00:00.000Z	2016-04-02T20:45:00.000Z	32
8402	6	485	55.839136244	37.456834288	2016-04-01T21:00:00.000Z	2016-04-02T20:45:00.000Z	3
8592	6	513	55.781753697	37.458119527	2016-04-01T21:00:00.000Z	2016-04-02T20:45:00.000Z	14
8750	6	655	55.747943549	37.480970416	2016-04-01T21:00:00.000Z	2016-04-02T20:45:00.000Z	68
8468	6	756	55.721989099	37.456184275	2016-04-01T21:00:00.000Z	2016-04-02T20:45:00.000Z	39
8333	6	683	55.836907266	37.48558167	2016-04-01T21:00:00.000Z	2016-04-02T20:45:00.000Z	50
7850	6	267	55.769224901	37.652877495	2016-04-01T21:00:00.000Z	2016-04-02T20:45:00.000Z	64
7541	6	117	55.654736918	37.821673483	2016-04-01T21:00:00.000Z	2016-04-02T20:45:00.000Z	1
8218	6	785	55.759230183	37.612884895	2016-04-01T21:00:00.000Z	2016-04-02T20:45:00.000Z	1061
8764	6	665	55.800750747	37.473554232	2016-04-01T21:00:00.000Z	2016-04-02T20:45:00.000Z	20
8110	6	198	55.915818334	37.736146667	2016-04-01T21:00:00.000Z	2016-04-02T20:45:00.000Z	0
8212	6	221	55.861184701	37.479899831	2016-04-01T21:00:00.000Z	2016-04-02T20:45:00.000Z	0
856	6	0	55.793316529	37.644954446	2016-04-01T21:00:00.000Z	2016-04-02T20:45:00.000Z	0
9087	6	715	55.549128649	37.867293232	2016-04-01T21:00:00.000Z	2016-04-02T20:45:00.000Z	10
8555	6	756	55.704253759	37.511832393	2016-04-01T21:00:00.000Z	2016-04-02T20:45:00.000Z	94
1642	6	0	55.806389413	37.322962064	2016-04-01T21:00:00.000Z	2016-04-02T20:45:00.000Z	293
598	6	0	55.877346234	37.304449918	2016-04-01T21:00:00.000Z	2016-04-02T20:45:00.000Z	50
2189	6	0	55.720021408	37.236518379	2016-04-01T21:00:00.000Z	2016-04-02T20:45:00.000Z	0
7665	6	368	55.756651026	37.570863499	2016-04-01T21:00:00.000Z	2016-04-02T20:45:00.000Z	51
7407	6	134	55.790020315	37.556030526	2016-04-01T21:00:00.000Z	2016-04-02T20:45:00.000Z	0
8564	6	683	55.776329005	37.546877415	2016-04-01T21:00:00.000Z	2016-04-02T20:45:00.000Z	104
7980	6	302	55.742272575	37.53910515	2016-04-01T21:00:00.000Z	2016-04-02T20:45:00.000Z	9
8375	6	591	55.735830462	37.570156319	2016-04-01T21:00:00.000Z	2016-04-02T20:45:00.000Z	80
8745	6	771	55.718101951	37.641425149	2016-04-01T21:00:00.000Z	2016-04-02T20:45:00.000Z	0
3570	6	0	55.606442539	37.65513245	2016-04-01T21:00:00.000Z	2016-04-02T20:45:00.000Z	77
6310	6	39	55.727421051	37.966957648	2016-04-01T21:00:00.000Z	2016-04-02T20:45:00.000Z	0
8467	6	604	55.723501154	37.52323659	2016-04-01T21:00:00.000Z	2016-04-02T20:45:00.000Z	156
8819	6	479	55.576467264	37.602494056	2016-04-01T21:00:00.000Z	2016-04-02T20:45:00.000Z	6
8379	6	711	55.712721051	37.604595355	2016-04-01T21:00:00.000Z	2016-04-02T20:45:00.000Z	105
8356	6	562	55.793628636	37.704439007	2016-04-01T21:00:00.000Z	2016-04-02T20:45:00.000Z	13
8611	6	659	55.665697499	37.669201888	2016-04-01T21:00:00.000Z	2016-04-02T20:45:00.000Z	70
8585	6	477	55.758829399	37.776701228	2016-04-01T21:00:00.000Z	2016-04-02T20:45:00.000Z	39
8208	6	356	55.586229003	37.682169925	2016-04-01T21:00:00.000Z	2016-04-02T20:45:00.000Z	0
8646	6	773	55.763799458	37.840321689	2016-04-01T21:00:00.000Z	2016-04-02T20:45:00.000Z	56
7950	6	485	55.758926102	37.631132797	2016-04-01T21:00:00.000Z	2016-04-02T20:45:00.000Z	192
8716	6	735	55.695583473	37.79032294	2016-04-01T21:00:00.000Z	2016-04-02T20:45:00.000Z	23
7986	6	312	55.827879786	37.653748231	2016-04-01T21:00:00.000Z	2016-04-02T20:45:00.000Z	4
8709	6	658	55.67260056	37.890470473	2016-04-01T21:00:00.000Z	2016-04-02T20:45:00.000Z	134
2932	6	0	55.610364473	37.753060932	2016-04-01T21:00:00.000Z	2016-04-02T20:45:00.000Z	98
7921	6	683	55.767736268	37.611033066	2016-04-01T21:00:00.000Z	2016-04-02T20:45:00.000Z	336
8087	6	725	55.755188339	37.637837698	2016-04-01T21:00:00.000Z	2016-04-02T20:45:00.000Z	109
8172	6	621	55.643610608	37.492552813	2016-04-01T21:00:00.000Z	2016-04-02T20:45:00.000Z	18
8308	6	659	55.766613506	37.57335895	2016-04-01T21:00:00.000Z	2016-04-02T20:45:00.000Z	38
7472	6	112	55.670796802	37.517582048	2016-04-01T21:00:00.000Z	2016-04-02T20:45:00.000Z	10
8338	6	521	55.79706332	37.68976607	2016-04-01T21:00:00.000Z	2016-04-02T20:45:00.000Z	0
8148	6	207	55.854591737	37.633263208	2016-04-01T21:00:00.000Z	2016-04-02T20:45:00.000Z	13
8432	6	618	55.677659079	37.636801727	2016-04-01T21:00:00.000Z	2016-04-02T20:45:00.000Z	4
8875	6	732	55.686793965	37.486246638	2016-04-01T21:00:00.000Z	2016-04-02T20:45:00.000Z	4
8449	6	698	55.705629673	37.656538357	2016-04-01T21:00:00.000Z	2016-04-02T20:45:00.000Z	151
3361	6	0	55.816666667	37.966666667	2016-04-01T21:00:00.000Z	2016-04-02T20:45:00.000Z	282
8502	6	593	55.798693245	37.597951184	2016-04-01T21:00:00.000Z	2016-04-02T20:45:00.000Z	11
8576	6	464	55.814782522	37.595628437	2016-04-01T21:00:00.000Z	2016-04-02T20:45:00.000Z	18
908	6	0	55.75896209	37.757436824	2016-04-01T21:00:00.000Z	2016-04-02T20:45:00.000Z	0
7944	6	168	55.806576	37.6283615	2016-04-01T21:00:00.000Z	2016-04-02T20:45:00.000Z	3
8318	6	369	55.820443483	37.803306284	2016-04-01T21:00:00.000Z	2016-04-02T20:45:00.000Z	140
722	6	0	55.802507235	37.657447147	2016-04-01T21:00:00.000Z	2016-04-02T20:45:00.000Z	0
8645	6	711	55.849518826	37.515601865	2016-04-01T21:00:00.000Z	2016-04-02T20:45:00.000Z	14
8441	6	388	55.676592949	37.471919267	2016-04-01T21:00:00.000Z	2016-04-02T20:45:00.000Z	42
8816	6	684	55.746109881	37.772228253	2016-04-01T21:00:00.000Z	2016-04-02T20:45:00.000Z	51
8209	6	612	55.728075593	37.556128208	2016-04-01T21:00:00.000Z	2016-04-02T20:45:00.000Z	46
8398	6	650	55.702240188	37.577445409	2016-04-01T21:00:00.000Z	2016-04-02T20:45:00.000Z	15
8516	6	641	55.65424196	37.500953564	2016-04-01T21:00:00.000Z	2016-04-02T20:45:00.000Z	91
8511	6	409	55.802145891	37.534521301	2016-04-01T21:00:00.000Z	2016-04-02T20:45:00.000Z	40
925	6	0	55.603737823	37.491751215	2016-04-01T21:00:00.000Z	2016-04-02T20:45:00.000Z	299
2816	6	0	55.692744463	37.494287215	2016-04-01T21:00:00.000Z	2016-04-02T20:45:00.000Z	0
8987	6	573	55.914419972	37.706714936	2016-04-01T21:00:00.000Z	2016-04-02T20:45:00.000Z	325
4198	6	0	55.6912308	37.7556686	2016-04-01T21:00:00.000Z	2016-04-02T20:45:00.000Z	0
7355	6	215	55.742290324	37.567455121	2016-04-01T21:00:00.000Z	2016-04-02T20:45:00.000Z	48
8497	6	781	55.773647353	37.470060867	2016-04-01T21:00:00.000Z	2016-04-02T20:45:00.000Z	79
8272	6	620	55.746970159	37.634321781	2016-04-01T21:00:00.000Z	2016-04-02T20:45:00.000Z	49
8988	6	798	55.682130176	37.695466393	2016-04-01T21:00:00.000Z	2016-04-02T20:45:00.000Z	43
8495	6	762	55.886181549	37.429367117	2016-04-01T21:00:00.000Z	2016-04-02T20:45:00.000Z	0
8165	6	420	55.604488552	37.545520221	2016-04-01T21:00:00.000Z	2016-04-02T20:45:00.000Z	80
8518	6	629	55.680738928	37.540014407	2016-04-01T21:00:00.000Z	2016-04-02T20:45:00.000Z	176
8267	6	232	55.812549445	37.832847115	2016-04-01T21:00:00.000Z	2016-04-02T20:45:00.000Z	0
3342	6	0	55.666666667	37.933333333	2016-04-01T21:00:00.000Z	2016-04-02T20:45:00.000Z	50
8413	6	274	55.780653929	37.730754971	2016-04-01T21:00:00.000Z	2016-04-02T20:45:00.000Z	8
7336	6	274	55.751562791	37.643681663	2016-04-01T21:00:00.000Z	2016-04-02T20:45:00.000Z	3
8832	6	456	55.650645	37.389585	2016-04-01T21:00:00.000Z	2016-04-02T20:45:00.000Z	0
7968	6	409	55.732175741	37.636763396	2016-04-01T21:00:00.000Z	2016-04-02T20:45:00.000Z	54
8243	6	638	55.784813624	37.705275277	2016-04-01T21:00:00.000Z	2016-04-02T20:45:00.000Z	252
8373	6	506	55.862140477	37.418784026	2016-04-01T21:00:00.000Z	2016-04-02T20:45:00.000Z	11
7564	6	284	55.766505951	37.605568366	2016-04-01T21:00:00.000Z	2016-04-02T20:45:00.000Z	627
8903	6	500	55.63851124	37.698187464	2016-04-01T21:00:00.000Z	2016-04-02T20:45:00.000Z	1
8721	6	452	55.88971457	37.684998407	2016-04-01T21:00:00.000Z	2016-04-02T20:45:00.000Z	8
2637	6	0	55.760285133	37.86563899	2016-04-01T21:00:00.000Z	2016-04-02T20:45:00.000Z	160
8297	6	239	55.54905669	37.703963805	2016-04-01T21:00:00.000Z	2016-04-02T20:45:00.000Z	139
7971	6	346	55.868286858	37.665044034	2016-04-01T21:00:00.000Z	2016-04-02T20:45:00.000Z	38
7875	6	652	55.753022833	37.608588075	2016-04-01T21:00:00.000Z	2016-04-02T20:45:00.000Z	342
1401	6	0	55.819	37.5789	2016-04-01T21:00:00.000Z	2016-04-02T20:45:00.000Z	146
8136	6	311	55.632332957	37.763604812	2016-04-01T21:00:00.000Z	2016-04-02T20:45:00.000Z	27
8699	6	429	55.728459487	37.759327374	2016-04-01T21:00:00.000Z	2016-04-02T20:45:00.000Z	0
8461	6	443	55.688133505	37.5416004	2016-04-01T21:00:00.000Z	2016-04-02T20:45:00.000Z	10
8458	6	494	55.696491164	37.605866537	2016-04-01T21:00:00.000Z	2016-04-02T20:45:00.000Z	18
4152	6	0	55.8816719	37.6781998	2016-04-01T21:00:00.000Z	2016-04-02T20:45:00.000Z	0
8378	6	494	55.846485487	37.660437882	2016-04-01T21:00:00.000Z	2016-04-02T20:45:00.000Z	164
8796	6	524	55.772448611	37.748561667	2016-04-01T21:00:00.000Z	2016-04-02T20:45:00.000Z	26
8464	6	667	55.725233103	37.65447615	2016-04-01T21:00:00.000Z	2016-04-02T20:45:00.000Z	31
8438	6	520	55.633893892	37.437834534	2016-04-01T21:00:00.000Z	2016-04-02T20:45:00.000Z	34
8081	6	192	55.762900547	37.792745803	2016-04-01T21:00:00.000Z	2016-04-02T20:45:00.000Z	21
8747	6	661	55.709711253	37.892426793	2016-04-01T21:00:00.000Z	2016-04-02T20:45:00.000Z	42
8661	6	480	55.779118079	37.440824713	2016-04-01T21:00:00.000Z	2016-04-02T20:45:00.000Z	68
8553	6	312	55.7934298	37.77686935	2016-04-01T21:00:00.000Z	2016-04-02T20:45:00.000Z	0
5769	6	41	55.709340397	37.542325663	2016-04-01T21:00:00.000Z	2016-04-02T20:45:00.000Z	282
7901	6	599	55.734599807	37.628102586	2016-04-01T21:00:00.000Z	2016-04-02T20:45:00.000Z	129
7911	6	542	55.75169533	37.56771448	2016-04-01T21:00:00.000Z	2016-04-02T20:45:00.000Z	168
8580	6	615	55.812513105	37.726742224	2016-04-01T21:00:00.000Z	2016-04-02T20:45:00.000Z	0
8207	6	490	55.818542814	37.616761274	2016-04-01T21:00:00.000Z	2016-04-02T20:45:00.000Z	71
2864	6	0	55.535464532	37.526949136	2016-04-01T21:00:00.000Z	2016-04-02T20:45:00.000Z	0
8556	6	787	55.82401877	37.641908789	2016-04-01T21:00:00.000Z	2016-04-02T20:45:00.000Z	1099
8264	6	727	55.808045844	37.589600277	2016-04-01T21:00:00.000Z	2016-04-02T20:45:00.000Z	405
7528	6	355	55.748517594	37.607101716	2016-04-01T21:00:00.000Z	2016-04-02T20:45:00.000Z	348
7818	6	399	55.69238788	37.531148399	2016-04-01T21:00:00.000Z	2016-04-02T20:45:00.000Z	145
8294	6	483	55.681350345	37.563854115	2016-04-01T21:00:00.000Z	2016-04-02T20:45:00.000Z	41
8774	6	797	55.64091712	37.721993674	2016-04-01T21:00:00.000Z	2016-04-02T20:45:00.000Z	7
8328	6	532	55.76833053	37.557989688	2016-04-01T21:00:00.000Z	2016-04-02T20:45:00.000Z	34
8823	6	671	55.598034143	37.348159916	2016-04-01T21:00:00.000Z	2016-04-02T20:45:00.000Z	20
8641	6	567	55.601478097	37.596786559	2016-04-01T21:00:00.000Z	2016-04-02T20:45:00.000Z	173
2672	6	0	55.66902	37.46495	2016-04-01T21:00:00.000Z	2016-04-02T20:45:00.000Z	7
8804	6	698	55.823634165	37.326124411	2016-04-01T21:00:00.000Z	2016-04-02T20:45:00.000Z	20
8726	6	644	55.836017982	37.597713509	2016-04-01T21:00:00.000Z	2016-04-02T20:45:00.000Z	135
8541	6	471	55.838545971	37.527137622	2016-04-01T21:00:00.000Z	2016-04-02T20:45:00.000Z	14
3977	6	0	55.8358688	37.3858604	2016-04-01T21:00:00.000Z	2016-04-02T20:45:00.000Z	0
8135	6	594	55.782664092	37.600315464	2016-04-01T21:00:00.000Z	2016-04-02T20:45:00.000Z	133
2508	6	0	55.593055556	37.606944444	2016-04-01T21:00:00.000Z	2016-04-02T20:45:00.000Z	0
2476	6	0	55.586472	37.517664	2016-04-01T21:00:00.000Z	2016-04-02T20:45:00.000Z	78
7607	6	216	55.733625163	37.647610397	2016-04-01T21:00:00.000Z	2016-04-02T20:45:00.000Z	113
8247	6	227	55.788103093	37.45505961	2016-04-01T21:00:00.000Z	2016-04-02T20:45:00.000Z	54
8734	6	688	55.834335587	37.307024407	2016-04-01T21:00:00.000Z	2016-04-02T20:45:00.000Z	135
8250	6	723	55.73116921	37.564659772	2016-04-01T21:00:00.000Z	2016-04-02T20:45:00.000Z	233
8330	6	247	55.758340122	37.69213507	2016-04-01T21:00:00.000Z	2016-04-02T20:45:00.000Z	0
8500	6	470	55.811058841	37.575426372	2016-04-01T21:00:00.000Z	2016-04-02T20:45:00.000Z	63
8466	6	529	55.662164946	37.558119599	2016-04-01T21:00:00.000Z	2016-04-02T20:45:00.000Z	3
8535	6	708	55.716574684	37.502026262	2016-04-01T21:00:00.000Z	2016-04-02T20:45:00.000Z	59
8315	6	578	55.753998587	37.534255541	2016-04-01T21:00:00.000Z	2016-04-02T20:45:00.000Z	36
8189	6	480	55.658168729	37.744447018	2016-04-01T21:00:00.000Z	2016-04-02T20:45:00.000Z	9
8730	6	647	55.571197374	37.474623807	2016-04-01T21:00:00.000Z	2016-04-02T20:45:00.000Z	114
2885	6	0	55.705131657	37.45927143	2016-04-01T21:00:00.000Z	2016-04-02T20:45:00.000Z	0
8703	6	754	55.701972009	37.527506075	2016-04-01T21:00:00.000Z	2016-04-02T20:45:00.000Z	291
8720	6	755	55.766828711	37.490283923	2016-04-01T21:00:00.000Z	2016-04-02T20:45:00.000Z	46
2784	6	0	55.859022576	37.393232944	2016-04-01T21:00:00.000Z	2016-04-02T20:45:00.000Z	0
438	6	0	55.739730601	37.688530869	2016-04-01T21:00:00.000Z	2016-04-02T20:45:00.000Z	0
8336	6	567	55.783313004	37.663313746	2016-04-01T21:00:00.000Z	2016-04-02T20:45:00.000Z	38
8041	6	553	55.831088045	37.629666697	2016-04-01T21:00:00.000Z	2016-04-02T20:45:00.000Z	86
8194	6	551	55.728207445	37.632962376	2016-04-01T21:00:00.000Z	2016-04-02T20:45:00.000Z	257
7993	6	174	55.785704644	37.473245779	2016-04-01T21:00:00.000Z	2016-04-02T20:45:00.000Z	12
2725	6	0	55.819515048	37.508511632	2016-04-01T21:00:00.000Z	2016-04-02T20:45:00.000Z	2
7929	6	507	55.746168979	37.547800349	2016-04-01T21:00:00.000Z	2016-04-02T20:45:00.000Z	126
8831	6	748	55.685412707	37.671690121	2016-04-01T21:00:00.000Z	2016-04-02T20:45:00.000Z	102
7121	6	104	55.723725837	37.663730456	2016-04-01T21:00:00.000Z	2016-04-02T20:45:00.000Z	20
3596	6	0	55.9667	37.8667	2016-04-01T21:00:00.000Z	2016-04-02T20:45:00.000Z	4
2903	6	0	55.670296737	37.633617638	2016-04-01T21:00:00.000Z	2016-04-02T20:45:00.000Z	25
8550	6	769	55.788934653	37.636674149	2016-04-01T21:00:00.000Z	2016-04-02T20:45:00.000Z	36
7824	6	341	55.736252221	37.641330979	2016-04-01T21:00:00.000Z	2016-04-02T20:45:00.000Z	18
8128	6	533	55.727768977	37.643788412	2016-04-01T21:00:00.000Z	2016-04-02T20:45:00.000Z	37
8284	6	666	55.742362108	37.608676995	2016-04-01T21:00:00.000Z	2016-04-02T20:45:00.000Z	1116
8004	6	580	55.729074599	37.62203254	2016-04-01T21:00:00.000Z	2016-04-02T20:45:00.000Z	45
8316	6	710	55.727887764	37.669983753	2016-04-01T21:00:00.000Z	2016-04-02T20:45:00.000Z	5
8091	6	609	55.736537576	37.653041654	2016-04-01T21:00:00.000Z	2016-04-02T20:45:00.000Z	62
8197	6	742	55.757920882	37.622804388	2016-04-01T21:00:00.000Z	2016-04-02T20:45:00.000Z	5006
8337	6	321	55.823532345	37.59362459	2016-04-01T21:00:00.000Z	2016-04-02T20:45:00.000Z	2
8644	6	354	55.637364862	37.65111798	2016-04-01T21:00:00.000Z	2016-04-02T20:45:00.000Z	13
8121	6	592	55.729867742	37.601958547	2016-04-01T21:00:00.000Z	2016-04-02T20:45:00.000Z	636
7702	6	136	55.83185536	37.638700475	2016-04-01T21:00:00.000Z	2016-04-02T20:45:00.000Z	11
9029	6	625	55.617483725	37.556948937	2016-04-01T21:00:00.000Z	2016-04-02T20:45:00.000Z	22
8217	6	591	55.790992127	37.490177092	2016-04-01T21:00:00.000Z	2016-04-02T20:45:00.000Z	39
8321	6	542	55.709618947	37.687708645	2016-04-01T21:00:00.000Z	2016-04-02T20:45:00.000Z	35
1429	6	0	55.654780225	37.73511411	2016-04-01T21:00:00.000Z	2016-04-02T20:45:00.000Z	0
8159	6	353	55.663244469	37.510422544	2016-04-01T21:00:00.000Z	2016-04-02T20:45:00.000Z	67
8307	6	329	55.890255603	37.649918985	2016-04-01T21:00:00.000Z	2016-04-02T20:45:00.000Z	42
8268	6	701	55.787749856	37.58065285	2016-04-01T21:00:00.000Z	2016-04-02T20:45:00.000Z	471
8662	6	452	55.702318389	37.470692506	2016-04-01T21:00:00.000Z	2016-04-02T20:45:00.000Z	23
4049	6	0	55.7610283	37.4581718	2016-04-01T21:00:00.000Z	2016-04-02T20:45:00.000Z	0
2367	6	0	55.8270798	37.7259254	2016-04-01T21:00:00.000Z	2016-04-02T20:45:00.000Z	0
7947	6	365	55.776002792	37.603217871	2016-04-01T21:00:00.000Z	2016-04-02T20:45:00.000Z	2
8813	6	713	55.637342148	37.527594247	2016-04-01T21:00:00.000Z	2016-04-02T20:45:00.000Z	47
8245	6	563	55.746221754	37.597139917	2016-04-01T21:00:00.000Z	2016-04-02T20:45:00.000Z	99
7826	6	628	55.772637268	37.596721125	2016-04-01T21:00:00.000Z	2016-04-02T20:45:00.000Z	297
8776	6	786	55.828739162	37.415794015	2016-04-01T21:00:00.000Z	2016-04-02T20:45:00.000Z	26
1442	6	0	55.548446041	37.720828056	2016-04-01T21:00:00.000Z	2016-04-02T20:45:00.000Z	57
8782	6	703	55.722130928	37.805275965	2016-04-01T21:00:00.000Z	2016-04-02T20:45:00.000Z	18
7970	6	370	55.769998712	37.664067838	2016-04-01T21:00:00.000Z	2016-04-02T20:45:00.000Z	87
8137	6	558	55.784153503	37.628273611	2016-04-01T21:00:00.000Z	2016-04-02T20:45:00.000Z	1545
8850	6	529	55.841130064	37.570887051	2016-04-01T21:00:00.000Z	2016-04-02T20:45:00.000Z	0
7886	6	493	55.764810096	37.627910811	2016-04-01T21:00:00.000Z	2016-04-02T20:45:00.000Z	67
8770	6	695	55.655234343	37.404303058	2016-04-01T21:00:00.000Z	2016-04-02T20:45:00.000Z	144
8344	6	471	55.790798337	37.660023867	2016-04-01T21:00:00.000Z	2016-04-02T20:45:00.000Z	1
8481	6	562	55.908357648	37.738244697	2016-04-01T21:00:00.000Z	2016-04-02T20:45:00.000Z	27
8889	6	488	55.684208866	37.766014861	2016-04-01T21:00:00.000Z	2016-04-02T20:45:00.000Z	4
8800	6	797	55.686499452	37.298088618	2016-04-01T21:00:00.000Z	2016-04-02T20:45:00.000Z	0
1778	6	0	55.899330737	37.48294166	2016-04-01T21:00:00.000Z	2016-04-02T20:45:00.000Z	69
812	6	0	55.834131129	37.271601701	2016-04-01T21:00:00.000Z	2016-04-02T20:45:00.000Z	0
1328	6	0	55.926511834	37.923180946	2016-04-01T21:00:00.000Z	2016-04-02T20:45:00.000Z	38
7922	6	652	55.788250523	37.676224313	2016-04-01T21:00:00.000Z	2016-04-02T20:45:00.000Z	46
6536	6	49	55.641332939	37.919723452	2016-04-01T21:00:00.000Z	2016-04-02T20:45:00.000Z	6
2625	6	0	55.72626415	37.2877173	2016-04-01T21:00:00.000Z	2016-04-02T20:45:00.000Z	0
8520	6	427	55.637760808	37.364206969	2016-04-01T21:00:00.000Z	2016-04-02T20:45:00.000Z	0
7644	6	129	55.72938995	37.4393996	2016-04-01T21:00:00.000Z	2016-04-02T20:45:00.000Z	0
8351	6	685	55.71961585	37.623576391	2016-04-01T21:00:00.000Z	2016-04-02T20:45:00.000Z	27
8536	6	485	55.713817355	37.821536301	2016-04-01T21:00:00.000Z	2016-04-02T20:45:00.000Z	121
7902	6	610	55.748262791	37.585018104	2016-04-01T21:00:00.000Z	2016-04-02T20:45:00.000Z	289
8762	6	717	55.86053078	37.444577648	2016-04-01T21:00:00.000Z	2016-04-02T20:45:00.000Z	46
7830	6	509	55.758662795	37.597506772	2016-04-01T21:00:00.000Z	2016-04-02T20:45:00.000Z	279
8443	6	604	55.941197963	37.490811887	2016-04-01T21:00:00.000Z	2016-04-02T20:45:00.000Z	10
8325	6	464	55.795142537	37.390300573	2016-04-01T21:00:00.000Z	2016-04-02T20:45:00.000Z	0
8282	6	391	55.809470539	37.513556936	2016-04-01T21:00:00.000Z	2016-04-02T20:45:00.000Z	991
8431	6	434	55.88331345	37.697091212	2016-04-01T21:00:00.000Z	2016-04-02T20:45:00.000Z	58
8710	6	658	55.816629493	37.339465851	2016-04-01T21:00:00.000Z	2016-04-02T20:45:00.000Z	41
7842	6	389	55.751606019	37.510070208	2016-04-01T21:00:00.000Z	2016-04-02T20:45:00.000Z	12
7346	6	100	55.60936022	37.334281249	2016-04-01T21:00:00.000Z	2016-04-02T20:45:00.000Z	58
6566	6	50	55.655783281	37.480022403	2016-04-01T21:00:00.000Z	2016-04-02T20:45:00.000Z	1
8505	6	411	55.895547975	37.591569699	2016-04-01T21:00:00.000Z	2016-04-02T20:45:00.000Z	69
8380	6	257	55.678770574	37.264614772	2016-04-01T21:00:00.000Z	2016-04-02T20:45:00.000Z	32
7512	6	229	55.804666995	37.517986208	2016-04-01T21:00:00.000Z	2016-04-02T20:45:00.000Z	120
4687	6	0	55.66579	37.74151	2016-04-01T21:00:00.000Z	2016-04-02T20:45:00.000Z	0
8582	6	441	55.869926794	37.480540585	2016-04-01T21:00:00.000Z	2016-04-02T20:45:00.000Z	47
8346	6	321	55.595063551	37.667715158	2016-04-01T21:00:00.000Z	2016-04-02T20:45:00.000Z	17
8618	6	674	55.914909193	37.754879618	2016-04-01T21:00:00.000Z	2016-04-02T20:45:00.000Z	14
3892	6	0	55.8167	37.8667	2016-04-01T21:00:00.000Z	2016-04-02T20:45:00.000Z	13
2261	6	0	55.563287988	37.85654464	2016-04-01T21:00:00.000Z	2016-04-02T20:45:00.000Z	68
7426	6	170	55.75188495	37.72055635	2016-04-01T21:00:00.000Z	2016-04-02T20:45:00.000Z	18
8486	6	532	55.809548264	37.653465688	2016-04-01T21:00:00.000Z	2016-04-02T20:45:00.000Z	34
8540	6	700	55.747082326	37.504255891	2016-04-01T21:00:00.000Z	2016-04-02T20:45:00.000Z	25
4585	6	0	55.8790578	37.4949054	2016-04-01T21:00:00.000Z	2016-04-02T20:45:00.000Z	0
3007	6	0	55.94673214	37.799047055	2016-04-01T21:00:00.000Z	2016-04-02T20:45:00.000Z	50
7951	6	483	55.744962304	37.654184305	2016-04-01T21:00:00.000Z	2016-04-02T20:45:00.000Z	126
8203	6	268	55.733894599	37.805482759	2016-04-01T21:00:00.000Z	2016-04-02T20:45:00.000Z	51
8905	6	675	55.606198006	37.294038923	2016-04-01T21:00:00.000Z	2016-04-02T20:45:00.000Z	166
8281	6	446	55.58179696	37.90542407	2016-04-01T21:00:00.000Z	2016-04-02T20:45:00.000Z	1
8834	6	633	55.828918147	37.974172448	2016-04-01T21:00:00.000Z	2016-04-02T20:45:00.000Z	77
8663	6	656	55.68272563	37.859941135	2016-04-01T21:00:00.000Z	2016-04-02T20:45:00.000Z	124
1300	6	0	55.6481	37.8572	2016-04-01T21:00:00.000Z	2016-04-02T20:45:00.000Z	48
8005	6	597	55.766561025	37.657790955	2016-04-01T21:00:00.000Z	2016-04-02T20:45:00.000Z	33
6758	6	60	55.7005192	37.716348384	2016-04-01T21:00:00.000Z	2016-04-02T20:45:00.000Z	25
8815	6	440	55.654187805	37.61330476	2016-04-01T21:00:00.000Z	2016-04-02T20:45:00.000Z	0
578	6	0	55.57705706	37.648435654	2016-04-01T21:00:00.000Z	2016-04-02T20:45:00.000Z	0
3842	6	0	55.704689	37.5850906	2016-04-01T21:00:00.000Z	2016-04-02T20:45:00.000Z	0
3973	6	0	55.689923362	37.864328816	2016-04-01T21:00:00.000Z	2016-04-02T20:45:00.000Z	0
7761	6	486	55.763791802	37.593283805	2016-04-01T21:00:00.000Z	2016-04-02T20:45:00.000Z	608
2259	6	0	55.7522669	37.6877732	2016-04-01T21:00:00.000Z	2016-04-02T20:45:00.000Z	0
1694	6	0	55.771496016	37.853342066	2016-04-01T21:00:00.000Z	2016-04-02T20:45:00.000Z	8
8614	6	595	55.806638829	37.775979904	2016-04-01T21:00:00.000Z	2016-04-02T20:45:00.000Z	8
7953	6	168	55.988025443	37.675046373	2016-04-01T21:00:00.000Z	2016-04-02T20:45:00.000Z	0
1995	6	0	55.89596917	37.63194826	2016-04-01T21:00:00.000Z	2016-04-02T20:45:00.000Z	0
8311	6	433	55.736844535	37.512805858	2016-04-01T21:00:00.000Z	2016-04-02T20:45:00.000Z	80
7926	6	616	55.765998268	37.598811083	2016-04-01T21:00:00.000Z	2016-04-02T20:45:00.000Z	267
8575	6	322	55.702290888	37.819848717	2016-04-01T21:00:00.000Z	2016-04-02T20:45:00.000Z	14
8080	6	192	55.827558756	37.956468589	2016-04-01T21:00:00.000Z	2016-04-02T20:45:00.000Z	0
8522	6	744	55.776380136	37.627368223	2016-04-01T21:00:00.000Z	2016-04-02T20:45:00.000Z	145
6228	6	37	55.85214591	37.645861943	2016-04-01T21:00:00.000Z	2016-04-02T20:45:00.000Z	0
8089	6	193	55.691302981	37.558691482	2016-04-01T21:00:00.000Z	2016-04-02T20:45:00.000Z	112
8562	6	705	55.91512343	37.76689985	2016-04-01T21:00:00.000Z	2016-04-02T20:45:00.000Z	100
8263	6	634	55.74562002	37.646454898	2016-04-01T21:00:00.000Z	2016-04-02T20:45:00.000Z	45
3387	6	0	55.6225	37.4356	2016-04-01T21:00:00.000Z	2016-04-02T20:45:00.000Z	0
8433	6	271	55.865973562	37.498194995	2016-04-01T21:00:00.000Z	2016-04-02T20:45:00.000Z	0
8584	6	611	55.694680665	37.89414035	2016-04-01T21:00:00.000Z	2016-04-02T20:45:00.000Z	12
7621	6	198	55.661674825	37.486346162	2016-04-01T21:00:00.000Z	2016-04-02T20:45:00.000Z	5
8693	6	745	55.904275258	37.57542729	2016-04-01T21:00:00.000Z	2016-04-02T20:45:00.000Z	93
8616	6	594	55.802620377	37.700588369	2016-04-01T21:00:00.000Z	2016-04-02T20:45:00.000Z	5
8492	6	408	55.882954405	37.452323488	2016-04-01T21:00:00.000Z	2016-04-02T20:45:00.000Z	32
8577	6	460	55.626764042	37.50949467	2016-04-01T21:00:00.000Z	2016-04-02T20:45:00.000Z	1
7527	6	161	55.791231419	37.762844626	2016-04-01T21:00:00.000Z	2016-04-02T20:45:00.000Z	3
8302	6	449	55.823354958	37.626934482	2016-04-01T21:00:00.000Z	2016-04-02T20:45:00.000Z	16
8578	6	641	55.805560573	37.406376313	2016-04-01T21:00:00.000Z	2016-04-02T20:45:00.000Z	44
8327	6	723	55.73322406	37.593149599	2016-04-01T21:00:00.000Z	2016-04-02T20:45:00.000Z	121
8129	6	202	55.798690387	37.557644855	2016-04-01T21:00:00.000Z	2016-04-02T20:45:00.000Z	3
4692	6	0	55.60892	37.79078	2016-04-01T21:00:00.000Z	2016-04-02T20:45:00.000Z	0
1093	6	0	55.9275	37.7911	2016-04-01T21:00:00.000Z	2016-04-02T20:45:00.000Z	2
8896	6	633	55.737949253	37.397451674	2016-04-01T21:00:00.000Z	2016-04-02T20:45:00.000Z	8
8858	6	472	55.97008325	37.92817535	2016-04-01T21:00:00.000Z	2016-04-02T20:45:00.000Z	36
7330	6	221	55.752833142	37.668204866	2016-04-01T21:00:00.000Z	2016-04-02T20:45:00.000Z	803
9084	6	706	55.692500923	37.350750771	2016-04-01T21:00:00.000Z	2016-04-02T20:45:00.000Z	0
8589	6	521	55.822174259	37.880087014	2016-04-01T21:00:00.000Z	2016-04-02T20:45:00.000Z	19
8744	6	476	55.80042071	37.943859045	2016-04-01T21:00:00.000Z	2016-04-02T20:45:00.000Z	140
8510	6	716	55.821717353	37.388125006	2016-04-01T21:00:00.000Z	2016-04-02T20:45:00.000Z	560
8695	6	712	55.661872227	37.758152705	2016-04-01T21:00:00.000Z	2016-04-02T20:45:00.000Z	10
7054	6	77	55.646969862	37.649847348	2016-04-01T21:00:00.000Z	2016-04-02T20:45:00.000Z	0
3304	6	0	55.88690125	37.93758382	2016-04-01T21:00:00.000Z	2016-04-02T20:45:00.000Z	0
7610	6	451	55.76331367	37.619198342	2016-04-01T21:00:00.000Z	2016-04-02T20:45:00.000Z	415
8388	6	670	55.793621801	37.674807677	2016-04-01T21:00:00.000Z	2016-04-02T20:45:00.000Z	914
7835	6	265	55.720382002	37.547197782	2016-04-01T21:00:00.000Z	2016-04-02T20:45:00.000Z	3
8462	6	280	55.844615699	37.376200289	2016-04-01T21:00:00.000Z	2016-04-02T20:45:00.000Z	6
8314	6	394	55.877187712	37.559288883	2016-04-01T21:00:00.000Z	2016-04-02T20:45:00.000Z	76
3355	6	0	55.83569514	37.32655364	2016-04-01T21:00:00.000Z	2016-04-02T20:45:00.000Z	0
7648	6	138	55.663116604	37.629207389	2016-04-01T21:00:00.000Z	2016-04-02T20:45:00.000Z	3
8335	6	299	55.891163976	37.562110089	2016-04-01T21:00:00.000Z	2016-04-02T20:45:00.000Z	0
8493	6	351	55.662904373	37.651487191	2016-04-01T21:00:00.000Z	2016-04-02T20:45:00.000Z	15
8386	6	749	55.777192755	37.656808424	2016-04-01T21:00:00.000Z	2016-04-02T20:45:00.000Z	161
7678	6	230	55.723461215	37.634935103	2016-04-01T21:00:00.000Z	2016-04-02T20:45:00.000Z	4
8390	6	586	55.793198287	37.54970165	2016-04-01T21:00:00.000Z	2016-04-02T20:45:00.000Z	30
8265	6	526	55.741481441	37.497711886	2016-04-01T21:00:00.000Z	2016-04-02T20:45:00.000Z	18
8002	6	444	55.798407099	37.675636907	2016-04-01T21:00:00.000Z	2016-04-02T20:45:00.000Z	67
8680	6	727	55.6518209	37.546144499	2016-04-01T21:00:00.000Z	2016-04-02T20:45:00.000Z	31
8654	6	546	55.861453658	37.5651343	2016-04-01T21:00:00.000Z	2016-04-02T20:45:00.000Z	82
7914	6	522	55.763618758	37.646898546	2016-04-01T21:00:00.000Z	2016-04-02T20:45:00.000Z	26
7821	6	151	55.770411199	37.685334918	2016-04-01T21:00:00.000Z	2016-04-02T20:45:00.000Z	18
8652	6	593	55.831587369	37.535134755	2016-04-01T21:00:00.000Z	2016-04-02T20:45:00.000Z	2
8494	6	711	55.722810805	37.578358705	2016-04-01T21:00:00.000Z	2016-04-02T20:45:00.000Z	93
8151	6	513	55.755448262	37.677292027	2016-04-01T21:00:00.000Z	2016-04-02T20:45:00.000Z	88
8642	6	603	55.651795383	37.343863446	2016-04-01T21:00:00.000Z	2016-04-02T20:45:00.000Z	8
8674	6	723	55.816693128	37.695529967	2016-04-01T21:00:00.000Z	2016-04-02T20:45:00.000Z	13
942	6	0	55.609930346	37.399874096	2016-04-01T21:00:00.000Z	2016-04-02T20:45:00.000Z	0
8069	6	356	55.613641134	37.733793889	2016-04-01T21:00:00.000Z	2016-04-02T20:45:00.000Z	3
2253	6	0	55.55923	37.25301	2016-04-01T21:00:00.000Z	2016-04-02T20:45:00.000Z	11
8095	6	194	55.944156648	37.53933441	2016-04-01T21:00:00.000Z	2016-04-02T20:45:00.000Z	11
8200	6	757	55.760742816	37.640028535	2016-04-01T21:00:00.000Z	2016-04-02T20:45:00.000Z	338
8629	6	386	55.654774307	37.652087958	2016-04-01T21:00:00.000Z	2016-04-02T20:45:00.000Z	19
7982	6	679	55.758126749	37.584846125	2016-04-01T21:00:00.000Z	2016-04-02T20:45:00.000Z	654
950	6	0	55.537756495	37.722701328	2016-04-01T21:00:00.000Z	2016-04-02T20:45:00.000Z	0
9130	6	787	55.784097353	37.248490694	2016-04-01T21:00:00.000Z	2016-04-02T20:45:00.000Z	8
8426	6	463	55.714983568	37.522193858	2016-04-01T21:00:00.000Z	2016-04-02T20:45:00.000Z	21
8381	6	387	55.754683211	37.824370512	2016-04-01T21:00:00.000Z	2016-04-02T20:45:00.000Z	278
7697	6	356	55.734725337	37.583120748	2016-04-01T21:00:00.000Z	2016-04-02T20:45:00.000Z	56
8237	6	542	55.73601419	37.664506546	2016-04-01T21:00:00.000Z	2016-04-02T20:45:00.000Z	30
8894	6	492	55.5022897	37.56611815	2016-04-01T21:00:00.000Z	2016-04-02T20:45:00.000Z	18
8198	6	523	55.735882834	37.615501641	2016-04-01T21:00:00.000Z	2016-04-02T20:45:00.000Z	102
2825	6	0	55.823834658	37.933012399	2016-04-01T21:00:00.000Z	2016-04-02T20:45:00.000Z	14
2407	6	0	55.503995401	37.591519892	2016-04-01T21:00:00.000Z	2016-04-02T20:45:00.000Z	29
3627	6	0	55.799929234	37.280667854	2016-04-01T21:00:00.000Z	2016-04-02T20:45:00.000Z	0
8403	6	560	55.888073704	37.388168379	2016-04-01T21:00:00.000Z	2016-04-02T20:45:00.000Z	32
8456	6	686	55.754789246	37.552970066	2016-04-01T21:00:00.000Z	2016-04-02T20:45:00.000Z	282
765	6	0	55.660644038	37.880095301	2016-04-01T21:00:00.000Z	2016-04-02T20:45:00.000Z	0
1124	6	0	55.772154656	37.714161274	2016-04-01T21:00:00.000Z	2016-04-02T20:45:00.000Z	0
8085	6	695	55.768391827	37.621828002	2016-04-01T21:00:00.000Z	2016-04-02T20:45:00.000Z	841
8570	6	320	55.507714574	37.776360426	2016-04-01T21:00:00.000Z	2016-04-02T20:45:00.000Z	13
8656	6	708	55.898246201	37.40326621	2016-04-01T21:00:00.000Z	2016-04-02T20:45:00.000Z	54
836	6	0	55.700479221	37.567201448	2016-04-01T21:00:00.000Z	2016-04-02T20:45:00.000Z	135
7347	6	100	55.683943055	37.882138889	2016-04-01T21:00:00.000Z	2016-04-02T20:45:00.000Z	0
8427	6	577	55.76332842	37.684657908	2016-04-01T21:00:00.000Z	2016-04-02T20:45:00.000Z	84
8312	6	261	55.675426882	37.779600318	2016-04-01T21:00:00.000Z	2016-04-02T20:45:00.000Z	6
7080	6	79	55.828660716	37.615578428	2016-04-01T21:00:00.000Z	2016-04-02T20:45:00.000Z	10
8763	6	681	55.744675731	37.705955858	2016-04-01T21:00:00.000Z	2016-04-02T20:45:00.000Z	4
8822	6	695	55.624418198	37.713877122	2016-04-01T21:00:00.000Z	2016-04-02T20:45:00.000Z	71
4376	6	0	55.7304497	37.7370186	2016-04-01T21:00:00.000Z	2016-04-02T20:45:00.000Z	0
8191	6	489	55.715465949	37.59090416	2016-04-01T21:00:00.000Z	2016-04-02T20:45:00.000Z	74
8738	6	394	55.874191274	37.517569328	2016-04-01T21:00:00.000Z	2016-04-02T20:45:00.000Z	60
8274	6	233	55.694238205	37.387984244	2016-04-01T21:00:00.000Z	2016-04-02T20:45:00.000Z	7
6183	6	35	55.746484483	37.681669594	2016-04-01T21:00:00.000Z	2016-04-02T20:45:00.000Z	6
719	6	0	55.785680727	37.424526893	2016-04-01T21:00:00.000Z	2016-04-02T20:45:00.000Z	0
8342	6	487	55.849258521	37.359332472	2016-04-01T21:00:00.000Z	2016-04-02T20:45:00.000Z	259
8735	6	393	55.877395095	37.643947878	2016-04-01T21:00:00.000Z	2016-04-02T20:45:00.000Z	4
8389	6	417	55.661216667	37.468515044	2016-04-01T21:00:00.000Z	2016-04-02T20:45:00.000Z	0
8357	6	511	55.805427493	37.615269264	2016-04-01T21:00:00.000Z	2016-04-02T20:45:00.000Z	26
8285	6	614	55.77960524	37.593773679	2016-04-01T21:00:00.000Z	2016-04-02T20:45:00.000Z	58
8824	6	753	55.807169471	37.386465747	2016-04-01T21:00:00.000Z	2016-04-02T20:45:00.000Z	0
8655	6	644	55.779569455	37.527190489	2016-04-01T21:00:00.000Z	2016-04-02T20:45:00.000Z	54
8306	6	661	55.766913914	37.673228845	2016-04-01T21:00:00.000Z	2016-04-02T20:45:00.000Z	117
8259	6	407	55.641003656	37.50831727	2016-04-01T21:00:00.000Z	2016-04-02T20:45:00.000Z	0
8046	6	185	55.80237425	37.7839049	2016-04-01T21:00:00.000Z	2016-04-02T20:45:00.000Z	30
1854	6	0	55.727548328	37.3434218	2016-04-01T21:00:00.000Z	2016-04-02T20:45:00.000Z	28
7630	6	128	55.93012865	37.5152197	2016-04-01T21:00:00.000Z	2016-04-02T20:45:00.000Z	179
6158	6	34	55.596420056	37.2673995	2016-04-01T21:00:00.000Z	2016-04-02T20:45:00.000Z	307
2264	6	0	55.8229713	37.4340515	2016-04-01T21:00:00.000Z	2016-04-02T20:45:00.000Z	2
8669	6	579	55.70745701	37.397468794	2016-04-01T21:00:00.000Z	2016-04-02T20:45:00.000Z	25
8299	6	662	55.78948276	37.690406016	2016-04-01T21:00:00.000Z	2016-04-02T20:45:00.000Z	0
8028	6	474	55.730249822	37.612472836	2016-04-01T21:00:00.000Z	2016-04-02T20:45:00.000Z	56
7872	6	634	55.74546224	37.626385584	2016-04-01T21:00:00.000Z	2016-04-02T20:45:00.000Z	163
7812	6	392	55.740622546	37.655645253	2016-04-01T21:00:00.000Z	2016-04-02T20:45:00.000Z	134
3064	6	0	55.76439	37.70561	2016-04-01T21:00:00.000Z	2016-04-02T20:45:00.000Z	30
8224	6	429	55.619569761	37.744111526	2016-04-01T21:00:00.000Z	2016-04-02T20:45:00.000Z	67
8567	6	731	55.813544177	37.633060762	2016-04-01T21:00:00.000Z	2016-04-02T20:45:00.000Z	13
8471	6	470	55.712910941	37.471136948	2016-04-01T21:00:00.000Z	2016-04-02T20:45:00.000Z	2
7244	6	92	55.714596333	37.457430373	2016-04-01T21:00:00.000Z	2016-04-02T20:45:00.000Z	0
8590	6	534	55.737484062	37.717130208	2016-04-01T21:00:00.000Z	2016-04-02T20:45:00.000Z	1
4821	6	0	55.759722222	37.345833333	2016-04-01T21:00:00.000Z	2016-04-02T20:45:00.000Z	210
8594	6	600	55.690933475	37.581591543	2016-04-01T21:00:00.000Z	2016-04-02T20:45:00.000Z	73
8204	6	721	55.741629772	37.574505436	2016-04-01T21:00:00.000Z	2016-04-02T20:45:00.000Z	424
3322	6	0	55.75260825	37.2887737	2016-04-01T21:00:00.000Z	2016-04-02T20:45:00.000Z	34
6634	6	53	55.709875163	37.442616369	2016-04-01T21:00:00.000Z	2016-04-02T20:45:00.000Z	0
8521	6	462	55.829148618	37.482929219	2016-04-01T21:00:00.000Z	2016-04-02T20:45:00.000Z	25
7918	6	416	55.772334477	37.648380585	2016-04-01T21:00:00.000Z	2016-04-02T20:45:00.000Z	73
7465	6	200	55.689062357	37.602976912	2016-04-01T21:00:00.000Z	2016-04-02T20:45:00.000Z	180
8187	6	215	55.736304626	37.458052917	2016-04-01T21:00:00.000Z	2016-04-02T20:45:00.000Z	13
2589	6	0	55.640046125	37.32783524	2016-04-01T21:00:00.000Z	2016-04-02T20:45:00.000Z	39
3709	6	0	55.67233468	37.61229095	2016-04-01T21:00:00.000Z	2016-04-02T20:45:00.000Z	0
8287	6	653	55.760277747	37.604797622	2016-04-01T21:00:00.000Z	2016-04-02T20:45:00.000Z	414
3306	6	0	55.7921861	37.836058	2016-04-01T21:00:00.000Z	2016-04-02T20:45:00.000Z	0
1858	6	0	55.712821395	37.862036675	2016-04-01T21:00:00.000Z	2016-04-02T20:45:00.000Z	10
4250	6	0	55.547826945	37.68366526	2016-04-01T21:00:00.000Z	2016-04-02T20:45:00.000Z	12
8632	6	351	55.727997045	37.418850765	2016-04-01T21:00:00.000Z	2016-04-02T20:45:00.000Z	4
8034	6	483	55.721895218	37.563657266	2016-04-01T21:00:00.000Z	2016-04-02T20:45:00.000Z	80
8653	6	355	55.891858986	37.610955288	2016-04-01T21:00:00.000Z	2016-04-02T20:45:00.000Z	0
8845	6	706	55.817831977	37.364324009	2016-04-01T21:00:00.000Z	2016-04-02T20:45:00.000Z	192
7955	6	169	55.565187983	37.583986916	2016-04-01T21:00:00.000Z	2016-04-02T20:45:00.000Z	0
7279	6	94	55.930170147	37.751169353	2016-04-01T21:00:00.000Z	2016-04-02T20:45:00.000Z	8
8296	6	494	55.775955886	37.643413116	2016-04-01T21:00:00.000Z	2016-04-02T20:45:00.000Z	6
2736	6	0	55.675	37.65	2016-04-01T21:00:00.000Z	2016-04-02T20:45:00.000Z	0
