8912	8	1267	55.861162658	37.594149916	2016-04-23T21:00:00.000Z	2016-04-24T20:45:00.000Z	236
9162	8	2437	55.802704301	37.401992781	2016-04-23T21:00:00.000Z	2016-04-24T20:45:00.000Z	96
9121	8	2610	55.790095784	37.628434175	2016-04-23T21:00:00.000Z	2016-04-24T20:45:00.000Z	1974
8753	8	1210	55.776847586	37.633760612	2016-04-23T21:00:00.000Z	2016-04-24T20:45:00.000Z	1169
9127	8	2343	55.795258035	37.767664277	2016-04-23T21:00:00.000Z	2016-04-24T20:45:00.000Z	884
8095	8	194	55.944156648	37.53933441	2016-04-23T21:00:00.000Z	2016-04-24T20:45:00.000Z	12
8948	8	1041	55.808138435	37.836174407	2016-04-23T21:00:00.000Z	2016-04-24T20:45:00.000Z	20
8571	8	806	55.801341656	37.662160352	2016-04-23T21:00:00.000Z	2016-04-24T20:45:00.000Z	16
9006	8	2183	55.807269088	37.624368773	2016-04-23T21:00:00.000Z	2016-04-24T20:45:00.000Z	96
8281	8	446	55.58179696	37.90542407	2016-04-23T21:00:00.000Z	2016-04-24T20:45:00.000Z	36
9190	8	935	55.719349164	37.279129054	2016-04-23T21:00:00.000Z	2016-04-24T20:45:00.000Z	69
9113	8	756	55.69104901	37.45469372	2016-04-23T21:00:00.000Z	2016-04-24T20:45:00.000Z	53
8815	8	440	55.654187805	37.61330476	2016-04-23T21:00:00.000Z	2016-04-24T20:45:00.000Z	0
9160	8	1705	55.611609491	37.547984673	2016-04-23T21:00:00.000Z	2016-04-24T20:45:00.000Z	351
9104	8	2437	55.750797888	37.780851652	2016-04-23T21:00:00.000Z	2016-04-24T20:45:00.000Z	271
9189	8	2329	55.775672892	37.423709876	2016-04-23T21:00:00.000Z	2016-04-24T20:45:00.000Z	381
4849	8	0	55.777	37.789	2016-04-23T21:00:00.000Z	2016-04-24T20:45:00.000Z	288
8989	8	2006	55.685735718	37.567647953	2016-04-23T21:00:00.000Z	2016-04-24T20:45:00.000Z	273
8931	8	1397	55.785316519	37.464917674	2016-04-23T21:00:00.000Z	2016-04-24T20:45:00.000Z	135
9296	8	1517	55.653999803	37.926528392	2016-04-23T21:00:00.000Z	2016-04-24T20:45:00.000Z	63
9218	8	2326	55.844243347	37.316117342	2016-04-23T21:00:00.000Z	2016-04-24T20:45:00.000Z	251
9058	8	1599	55.732158849	37.726812875	2016-04-23T21:00:00.000Z	2016-04-24T20:45:00.000Z	33
8917	8	936	55.724330952	37.762810632	2016-04-23T21:00:00.000Z	2016-04-24T20:45:00.000Z	26
9095	8	2722	55.89460979	37.38857272	2016-04-23T21:00:00.000Z	2016-04-24T20:45:00.000Z	384
9075	8	2289	55.628869855	37.612775145	2016-04-23T21:00:00.000Z	2016-04-24T20:45:00.000Z	342
9253	8	2034	55.645999503	37.811635177	2016-04-23T21:00:00.000Z	2016-04-24T20:45:00.000Z	20
9284	8	2591	55.641551875	37.388343787	2016-04-23T21:00:00.000Z	2016-04-24T20:45:00.000Z	253
9002	8	2437	55.749053745	37.590135231	2016-04-23T21:00:00.000Z	2016-04-24T20:45:00.000Z	4686
9059	8	1976	55.811465756	37.460183463	2016-04-23T21:00:00.000Z	2016-04-24T20:45:00.000Z	133
9033	8	2491	55.765006165	37.607475797	2016-04-23T21:00:00.000Z	2016-04-24T20:45:00.000Z	8881
9178	8	2436	55.87495892	37.679781023	2016-04-23T21:00:00.000Z	2016-04-24T20:45:00.000Z	202
8902	8	1922	55.664884363	37.521035484	2016-04-23T21:00:00.000Z	2016-04-24T20:45:00.000Z	382
3304	8	0	55.88690125	37.93758382	2016-04-23T21:00:00.000Z	2016-04-24T20:45:00.000Z	5
1854	8	0	55.727548328	37.3434218	2016-04-23T21:00:00.000Z	2016-04-24T20:45:00.000Z	30
9192	8	1644	55.697625057	37.338758355	2016-04-23T21:00:00.000Z	2016-04-24T20:45:00.000Z	22
9214	8	2694	55.888131964	37.437192819	2016-04-23T21:00:00.000Z	2016-04-24T20:45:00.000Z	1384
9186	8	1163	55.685889292	37.386868651	2016-04-23T21:00:00.000Z	2016-04-24T20:45:00.000Z	9
8817	8	1101	55.66619875	37.676250944	2016-04-23T21:00:00.000Z	2016-04-24T20:45:00.000Z	795
9209	8	986	55.715568173	37.914586335	2016-04-23T21:00:00.000Z	2016-04-24T20:45:00.000Z	62
8587	8	861	55.812490352	37.652863128	2016-04-23T21:00:00.000Z	2016-04-24T20:45:00.000Z	42
8826	8	772	55.903920602	37.424293746	2016-04-23T21:00:00.000Z	2016-04-24T20:45:00.000Z	93
9115	8	1434	55.603697181	37.341220583	2016-04-23T21:00:00.000Z	2016-04-24T20:45:00.000Z	122
8419	8	443	55.878658764	37.725050895	2016-04-23T21:00:00.000Z	2016-04-24T20:45:00.000Z	39
9118	8	2320	55.64663709	37.711115285	2016-04-23T21:00:00.000Z	2016-04-24T20:45:00.000Z	121
9090	8	2191	55.674234705	37.454308854	2016-04-23T21:00:00.000Z	2016-04-24T20:45:00.000Z	188
4250	8	0	55.547826945	37.68366526	2016-04-23T21:00:00.000Z	2016-04-24T20:45:00.000Z	23
9052	8	1974	55.889219217	37.597147318	2016-04-23T21:00:00.000Z	2016-04-24T20:45:00.000Z	186
8994	8	2186	55.710353541	37.587059731	2016-04-23T21:00:00.000Z	2016-04-24T20:45:00.000Z	1115
9146	8	2840	55.73851178	37.478013228	2016-04-23T21:00:00.000Z	2016-04-24T20:45:00.000Z	1186
1459	8	0	55.690631439	37.250188599	2016-04-23T21:00:00.000Z	2016-04-24T20:45:00.000Z	39
3007	8	0	55.94673214	37.799047055	2016-04-23T21:00:00.000Z	2016-04-24T20:45:00.000Z	15
9228	8	2762	55.762549316	37.832111349	2016-04-23T21:00:00.000Z	2016-04-24T20:45:00.000Z	599
9080	8	2336	55.738642669	37.648819035	2016-04-23T21:00:00.000Z	2016-04-24T20:45:00.000Z	1475
9057	8	1951	55.857744935	37.505426462	2016-04-23T21:00:00.000Z	2016-04-24T20:45:00.000Z	64
9102	8	1169	55.915935642	37.863132717	2016-04-23T21:00:00.000Z	2016-04-24T20:45:00.000Z	79
9025	8	2566	55.72575351	37.672409962	2016-04-23T21:00:00.000Z	2016-04-24T20:45:00.000Z	486
9076	8	1777	55.764595259	37.744399456	2016-04-23T21:00:00.000Z	2016-04-24T20:45:00.000Z	108
8930	8	1518	55.627023818	37.433483216	2016-04-23T21:00:00.000Z	2016-04-24T20:45:00.000Z	55
578	8	0	55.57705706	37.648435654	2016-04-23T21:00:00.000Z	2016-04-24T20:45:00.000Z	4
438	8	0	55.739730601	37.688530869	2016-04-23T21:00:00.000Z	2016-04-24T20:45:00.000Z	4
9106	8	1837	55.711277173	37.873826288	2016-04-23T21:00:00.000Z	2016-04-24T20:45:00.000Z	74
9332	8	2392	55.968391625	37.897437675	2016-04-23T21:00:00.000Z	2016-04-24T20:45:00.000Z	177
3060	8	0	55.560921442	37.360882926	2016-04-23T21:00:00.000Z	2016-04-24T20:45:00.000Z	3
8897	8	1437	55.739543072	37.577654086	2016-04-23T21:00:00.000Z	2016-04-24T20:45:00.000Z	811
717	8	0	55.514086503	37.335310011	2016-04-23T21:00:00.000Z	2016-04-24T20:45:00.000Z	6
9168	8	2347	55.857866542	37.473597541	2016-04-23T21:00:00.000Z	2016-04-24T20:45:00.000Z	159
9055	8	2176	55.770859582	37.666612538	2016-04-23T21:00:00.000Z	2016-04-24T20:45:00.000Z	698
9260	8	2590	55.641232554	37.851813758	2016-04-23T21:00:00.000Z	2016-04-24T20:45:00.000Z	478
9227	8	2969	55.739360122	37.421259066	2016-04-23T21:00:00.000Z	2016-04-24T20:45:00.000Z	612
9103	8	2330	55.860579493	37.635091148	2016-04-23T21:00:00.000Z	2016-04-24T20:45:00.000Z	122
9143	8	2081	55.698233612	37.529601818	2016-04-23T21:00:00.000Z	2016-04-24T20:45:00.000Z	1254
9144	8	1940	55.81994379	37.722312757	2016-04-23T21:00:00.000Z	2016-04-24T20:45:00.000Z	82
4109	8	0	55.8775854	37.365046439	2016-04-23T21:00:00.000Z	2016-04-24T20:45:00.000Z	0
9203	8	2172	55.959744476	37.412787166	2016-04-23T21:00:00.000Z	2016-04-24T20:45:00.000Z	771
9010	8	1878	55.658816683	37.746023821	2016-04-23T21:00:00.000Z	2016-04-24T20:45:00.000Z	190
9149	8	2810	55.779138832	37.53475821	2016-04-23T21:00:00.000Z	2016-04-24T20:45:00.000Z	1046
9020	8	1859	55.647056633	37.50513802	2016-04-23T21:00:00.000Z	2016-04-24T20:45:00.000Z	230
9030	8	2383	55.791408931	37.674423231	2016-04-23T21:00:00.000Z	2016-04-24T20:45:00.000Z	2347
8971	8	1303	55.689906381	37.667773628	2016-04-23T21:00:00.000Z	2016-04-24T20:45:00.000Z	167
9164	8	1924	55.588504155	37.532242576	2016-04-23T21:00:00.000Z	2016-04-24T20:45:00.000Z	72
8957	8	2739	55.783496083	37.584893063	2016-04-23T21:00:00.000Z	2016-04-24T20:45:00.000Z	1139
9288	8	1376	55.861584475	37.79937241	2016-04-23T21:00:00.000Z	2016-04-24T20:45:00.000Z	246
9229	8	2266	55.680430058	37.284377007	2016-04-23T21:00:00.000Z	2016-04-24T20:45:00.000Z	479
9117	8	2012	55.844929661	37.67081887	2016-04-23T21:00:00.000Z	2016-04-24T20:45:00.000Z	135
9132	8	1793	55.793018983	37.287461884	2016-04-23T21:00:00.000Z	2016-04-24T20:45:00.000Z	243
1691	8	0	55.970841046	37.537707638	2016-04-23T21:00:00.000Z	2016-04-24T20:45:00.000Z	33
9065	8	1661	55.706520178	37.555997634	2016-04-23T21:00:00.000Z	2016-04-24T20:45:00.000Z	1670
9167	8	1731	55.854760022	37.711874679	2016-04-23T21:00:00.000Z	2016-04-24T20:45:00.000Z	111
9179	8	2652	55.726134908	37.512102442	2016-04-23T21:00:00.000Z	2016-04-24T20:45:00.000Z	1837
9236	8	1887	55.729098795	37.245027584	2016-04-23T21:00:00.000Z	2016-04-24T20:45:00.000Z	335
9027	8	2079	55.714457596	37.738539923	2016-04-23T21:00:00.000Z	2016-04-24T20:45:00.000Z	185
9077	8	2860	55.725953213	37.555647481	2016-04-23T21:00:00.000Z	2016-04-24T20:45:00.000Z	3075
9267	8	1337	55.738145925	37.975232772	2016-04-23T21:00:00.000Z	2016-04-24T20:45:00.000Z	310
9147	8	2355	55.685150204	37.499649445	2016-04-23T21:00:00.000Z	2016-04-24T20:45:00.000Z	299
9330	8	1876	55.921728139	37.952146028	2016-04-23T21:00:00.000Z	2016-04-24T20:45:00.000Z	73
3364	8	0	55.92389585	37.612513745	2016-04-23T21:00:00.000Z	2016-04-24T20:45:00.000Z	8
9156	8	1569	55.556208318	37.861918936	2016-04-23T21:00:00.000Z	2016-04-24T20:45:00.000Z	53
9074	8	2549	55.77302263	37.487236987	2016-04-23T21:00:00.000Z	2016-04-24T20:45:00.000Z	227
8975	8	1400	55.817494367	37.80978811	2016-04-23T21:00:00.000Z	2016-04-24T20:45:00.000Z	213
9150	8	2781	55.843819911	37.599214723	2016-04-23T21:00:00.000Z	2016-04-24T20:45:00.000Z	595
9015	8	1338	55.820021105	37.760382171	2016-04-23T21:00:00.000Z	2016-04-24T20:45:00.000Z	78
9079	8	2142	55.668749721	37.641476066	2016-04-23T21:00:00.000Z	2016-04-24T20:45:00.000Z	160
9165	8	2606	55.706956452	37.665326559	2016-04-23T21:00:00.000Z	2016-04-24T20:45:00.000Z	294
9130	8	787	55.784097353	37.248490694	2016-04-23T21:00:00.000Z	2016-04-24T20:45:00.000Z	113
9009	8	2245	55.679182712	37.615218982	2016-04-23T21:00:00.000Z	2016-04-24T20:45:00.000Z	99
9099	8	2441	55.795709834	37.810049165	2016-04-23T21:00:00.000Z	2016-04-24T20:45:00.000Z	339
9172	8	2777	55.658941276	37.478906997	2016-04-23T21:00:00.000Z	2016-04-24T20:45:00.000Z	544
9137	8	2280	55.853362708	37.446713504	2016-04-23T21:00:00.000Z	2016-04-24T20:45:00.000Z	563
9201	8	2526	55.615243191	37.49403908	2016-04-23T21:00:00.000Z	2016-04-24T20:45:00.000Z	264
9139	8	2900	55.804020847	37.551356717	2016-04-23T21:00:00.000Z	2016-04-24T20:45:00.000Z	399
9258	8	2301	55.599253772	37.392909509	2016-04-23T21:00:00.000Z	2016-04-24T20:45:00.000Z	176
9208	8	2394	55.622358262	37.691970845	2016-04-23T21:00:00.000Z	2016-04-24T20:45:00.000Z	1415
9158	8	2006	55.882617824	37.514924238	2016-04-23T21:00:00.000Z	2016-04-24T20:45:00.000Z	60
8950	8	1826	55.75059433	37.673561252	2016-04-23T21:00:00.000Z	2016-04-24T20:45:00.000Z	1366
895	8	0	55.787186343	37.350465702	2016-04-23T21:00:00.000Z	2016-04-24T20:45:00.000Z	1
9100	8	2546	55.711609826	37.460683118	2016-04-23T21:00:00.000Z	2016-04-24T20:45:00.000Z	133
9049	8	1368	55.818468639	37.396862334	2016-04-23T21:00:00.000Z	2016-04-24T20:45:00.000Z	1673
9008	8	1161	55.760204365	37.448588732	2016-04-23T21:00:00.000Z	2016-04-24T20:45:00.000Z	26
9204	8	2507	55.747590958	37.866764236	2016-04-23T21:00:00.000Z	2016-04-24T20:45:00.000Z	559
9153	8	2327	55.754361147	37.705230993	2016-04-23T21:00:00.000Z	2016-04-24T20:45:00.000Z	288
9135	8	2287	55.700678327	37.616735769	2016-04-23T21:00:00.000Z	2016-04-24T20:45:00.000Z	400
9048	8	1396	55.907439528	37.584236364	2016-04-23T21:00:00.000Z	2016-04-24T20:45:00.000Z	369
9093	8	1796	55.7977516	37.48384422	2016-04-23T21:00:00.000Z	2016-04-24T20:45:00.000Z	72
9223	8	2860	55.724747477	37.392420456	2016-04-23T21:00:00.000Z	2016-04-24T20:45:00.000Z	167
9051	8	2331	55.77791449	37.709038735	2016-04-23T21:00:00.000Z	2016-04-24T20:45:00.000Z	371
8845	8	706	55.817831977	37.364324009	2016-04-23T21:00:00.000Z	2016-04-24T20:45:00.000Z	273
9212	8	2818	55.829414182	37.544298087	2016-04-23T21:00:00.000Z	2016-04-24T20:45:00.000Z	222
9244	8	1179	55.881336897	37.286875761	2016-04-23T21:00:00.000Z	2016-04-24T20:45:00.000Z	33
9018	8	2389	55.726406454	37.605990653	2016-04-23T21:00:00.000Z	2016-04-24T20:45:00.000Z	4467
8953	8	1147	55.691538776	37.90069317	2016-04-23T21:00:00.000Z	2016-04-24T20:45:00.000Z	383
9313	8	2700	55.804744597	37.878825782	2016-04-23T21:00:00.000Z	2016-04-24T20:45:00.000Z	138
7953	8	168	55.988025443	37.675046373	2016-04-23T21:00:00.000Z	2016-04-24T20:45:00.000Z	3
9278	8	2635	55.504066475	37.557181511	2016-04-23T21:00:00.000Z	2016-04-24T20:45:00.000Z	77
4423	8	0	55.90552	37.65965	2016-04-23T21:00:00.000Z	2016-04-24T20:45:00.000Z	18
9064	8	2019	55.743749257	37.618715658	2016-04-23T21:00:00.000Z	2016-04-24T20:45:00.000Z	29117
9157	8	1972	55.64492048	37.54006989	2016-04-23T21:00:00.000Z	2016-04-24T20:45:00.000Z	102
9094	8	2135	55.672826329	37.551556788	2016-04-23T21:00:00.000Z	2016-04-24T20:45:00.000Z	441
8743	8	1047	55.797460404	37.59198184	2016-04-23T21:00:00.000Z	2016-04-24T20:45:00.000Z	51
2648	8	0	55.986102727	37.405398325	2016-04-23T21:00:00.000Z	2016-04-24T20:45:00.000Z	3
9177	8	2271	55.640669485	37.655012766	2016-04-23T21:00:00.000Z	2016-04-24T20:45:00.000Z	244
9272	8	1308	55.60185647	37.807602242	2016-04-23T21:00:00.000Z	2016-04-24T20:45:00.000Z	5
9038	8	1714	55.685133776	37.872136932	2016-04-23T21:00:00.000Z	2016-04-24T20:45:00.000Z	250
9270	8	2331	55.567861567	37.460901493	2016-04-23T21:00:00.000Z	2016-04-24T20:45:00.000Z	176
9088	8	2859	55.760529547	37.642583712	2016-04-23T21:00:00.000Z	2016-04-24T20:45:00.000Z	12473
9116	8	2515	55.544237102	37.71857434	2016-04-23T21:00:00.000Z	2016-04-24T20:45:00.000Z	215
9220	8	2860	55.823143609	37.949502996	2016-04-23T21:00:00.000Z	2016-04-24T20:45:00.000Z	322
9119	8	2731	55.828946293	37.630586064	2016-04-23T21:00:00.000Z	2016-04-24T20:45:00.000Z	4314
8570	8	320	55.507714574	37.776360426	2016-04-23T21:00:00.000Z	2016-04-24T20:45:00.000Z	46
9124	8	2124	55.870584155	37.556374841	2016-04-23T21:00:00.000Z	2016-04-24T20:45:00.000Z	242
9206	8	2084	55.542907609	37.533707564	2016-04-23T21:00:00.000Z	2016-04-24T20:45:00.000Z	551
8640	8	1024	55.765242814	37.559308583	2016-04-23T21:00:00.000Z	2016-04-24T20:45:00.000Z	414
8853	8	1914	55.72216135	37.639277762	2016-04-23T21:00:00.000Z	2016-04-24T20:45:00.000Z	313
9062	8	2516	55.747768867	37.554682148	2016-04-23T21:00:00.000Z	2016-04-24T20:45:00.000Z	5621
9181	8	2521	55.799026257	37.720236222	2016-04-23T21:00:00.000Z	2016-04-24T20:45:00.000Z	300
9072	8	2153	55.611397903	37.740336505	2016-04-23T21:00:00.000Z	2016-04-24T20:45:00.000Z	207
9193	8	2566	55.601925046	37.608258779	2016-04-23T21:00:00.000Z	2016-04-24T20:45:00.000Z	838
9197	8	1794	55.907214664	37.715189587	2016-04-23T21:00:00.000Z	2016-04-24T20:45:00.000Z	73
9110	8	1985	55.860157971	37.40681373	2016-04-23T21:00:00.000Z	2016-04-24T20:45:00.000Z	722
9086	8	1722	55.751900003	37.517679647	2016-04-23T21:00:00.000Z	2016-04-24T20:45:00.000Z	152
2253	8	0	55.55923	37.25301	2016-04-23T21:00:00.000Z	2016-04-24T20:45:00.000Z	15
9180	8	1751	55.896842643	37.551392207	2016-04-23T21:00:00.000Z	2016-04-24T20:45:00.000Z	82
3306	8	0	55.7921861	37.836058	2016-04-23T21:00:00.000Z	2016-04-24T20:45:00.000Z	0
8772	8	1116	55.672949966	37.77471248	2016-04-23T21:00:00.000Z	2016-04-24T20:45:00.000Z	308
9241	8	1685	55.583111461	37.744472054	2016-04-23T21:00:00.000Z	2016-04-24T20:45:00.000Z	257
9155	8	2343	55.890264826	37.641181075	2016-04-23T21:00:00.000Z	2016-04-24T20:45:00.000Z	136
8995	8	1673	55.814817609	37.686720223	2016-04-23T21:00:00.000Z	2016-04-24T20:45:00.000Z	30
9142	8	2088	55.813260621	37.327878598	2016-04-23T21:00:00.000Z	2016-04-24T20:45:00.000Z	264
9120	8	2067	55.635155709	37.750600611	2016-04-23T21:00:00.000Z	2016-04-24T20:45:00.000Z	44
9109	8	2150	55.668596876	37.873687283	2016-04-23T21:00:00.000Z	2016-04-24T20:45:00.000Z	188
9183	8	2520	55.693335723	37.769260907	2016-04-23T21:00:00.000Z	2016-04-24T20:45:00.000Z	675
9056	8	2328	55.805561963	37.507695921	2016-04-23T21:00:00.000Z	2016-04-24T20:45:00.000Z	696
8899	8	2439	55.762375628	37.577840463	2016-04-23T21:00:00.000Z	2016-04-24T20:45:00.000Z	3559
812	8	0	55.834131129	37.271601701	2016-04-23T21:00:00.000Z	2016-04-24T20:45:00.000Z	90
3322	8	0	55.75260825	37.2887737	2016-04-23T21:00:00.000Z	2016-04-24T20:45:00.000Z	12
9036	8	2298	55.818377073	37.589256681	2016-04-23T21:00:00.000Z	2016-04-24T20:45:00.000Z	780
1862	8	0	55.926717767	37.3968272	2016-04-23T21:00:00.000Z	2016-04-24T20:45:00.000Z	20
9237	8	2842	55.572314262	37.592880019	2016-04-23T21:00:00.000Z	2016-04-24T20:45:00.000Z	851
9199	8	2320	55.724656478	37.80801564	2016-04-23T21:00:00.000Z	2016-04-24T20:45:00.000Z	709
9173	8	2639	55.829250415	37.488822904	2016-04-23T21:00:00.000Z	2016-04-24T20:45:00.000Z	581
9292	8	2861	55.936492188	37.258814632	2016-04-23T21:00:00.000Z	2016-04-24T20:45:00.000Z	183
9202	8	2623	55.692065546	37.71268738	2016-04-23T21:00:00.000Z	2016-04-24T20:45:00.000Z	114
8919	8	1073	55.726668328	37.696446564	2016-04-23T21:00:00.000Z	2016-04-24T20:45:00.000Z	102
1778	8	0	55.899330737	37.48294166	2016-04-23T21:00:00.000Z	2016-04-24T20:45:00.000Z	101
9134	8	2508	55.64280196	37.33908768	2016-04-23T21:00:00.000Z	2016-04-24T20:45:00.000Z	230
9126	8	2389	55.934531967	37.505411585	2016-04-23T21:00:00.000Z	2016-04-24T20:45:00.000Z	274
9176	8	2227	55.918443615	37.808104128	2016-04-23T21:00:00.000Z	2016-04-24T20:45:00.000Z	89
9184	8	2758	55.921861149	37.75010603	2016-04-23T21:00:00.000Z	2016-04-24T20:45:00.000Z	398
9125	8	2328	55.827560209	37.428145672	2016-04-23T21:00:00.000Z	2016-04-24T20:45:00.000Z	87
9225	8	2326	55.765808169	37.358746341	2016-04-23T21:00:00.000Z	2016-04-24T20:45:00.000Z	165
9283	8	2946	55.605171523	37.282925543	2016-04-23T21:00:00.000Z	2016-04-24T20:45:00.000Z	531
9154	8	1969	55.705264075	37.83328181	2016-04-23T21:00:00.000Z	2016-04-24T20:45:00.000Z	258
9003	8	2390	55.659940529	37.58309806	2016-04-23T21:00:00.000Z	2016-04-24T20:45:00.000Z	186
9138	8	1866	55.842337725	37.368586796	2016-04-23T21:00:00.000Z	2016-04-24T20:45:00.000Z	457
9128	8	1654	55.798342337	37.955901939	2016-04-23T21:00:00.000Z	2016-04-24T20:45:00.000Z	279
9163	8	2323	55.597471576	37.670093652	2016-04-23T21:00:00.000Z	2016-04-24T20:45:00.000Z	296
