8898	7	1964	55.765760808	37.582529163	2016-04-23T21:00:00.000Z	2016-04-24T20:45:00.000Z	2297
950	7	0	55.537756495	37.722701328	2016-04-23T21:00:00.000Z	2016-04-24T20:45:00.000Z	23
8971	7	1303	55.689906381	37.667773628	2016-04-23T21:00:00.000Z	2016-04-24T20:45:00.000Z	167
8878	7	1758	55.788174116	37.666192294	2016-04-23T21:00:00.000Z	2016-04-24T20:45:00.000Z	154
9081	7	814	55.657003602	37.811218366	2016-04-23T21:00:00.000Z	2016-04-24T20:45:00.000Z	3
8887	7	1569	55.794643745	37.682654168	2016-04-23T21:00:00.000Z	2016-04-24T20:45:00.000Z	2193
8967	7	1487	55.760441954	37.697205881	2016-04-23T21:00:00.000Z	2016-04-24T20:45:00.000Z	243
9073	7	1431	55.801156004	37.38838316	2016-04-23T21:00:00.000Z	2016-04-24T20:45:00.000Z	11
9014	7	1914	55.830603293	37.642697173	2016-04-23T21:00:00.000Z	2016-04-24T20:45:00.000Z	3312
8737	7	1616	55.761690404	37.624501233	2016-04-23T21:00:00.000Z	2016-04-24T20:45:00.000Z	10867
8671	7	1261	55.759350227	37.607018546	2016-04-23T21:00:00.000Z	2016-04-24T20:45:00.000Z	6443
8893	7	1585	55.854788187	37.641156546	2016-04-23T21:00:00.000Z	2016-04-24T20:45:00.000Z	116
2825	7	0	55.823834658	37.933012399	2016-04-23T21:00:00.000Z	2016-04-24T20:45:00.000Z	7
7279	7	94	55.930170147	37.751169353	2016-04-23T21:00:00.000Z	2016-04-24T20:45:00.000Z	8
8935	7	1219	55.652939672	37.396944029	2016-04-23T21:00:00.000Z	2016-04-24T20:45:00.000Z	247
9101	7	1396	55.666622299	37.885282887	2016-04-23T21:00:00.000Z	2016-04-24T20:45:00.000Z	177
8809	7	1468	55.732332356	37.560723654	2016-04-23T21:00:00.000Z	2016-04-24T20:45:00.000Z	2178
2143	7	0	55.888611111	37.523611111	2016-04-23T21:00:00.000Z	2016-04-24T20:45:00.000Z	2
9138	7	1866	55.842337725	37.368586796	2016-04-23T21:00:00.000Z	2016-04-24T20:45:00.000Z	457
8909	7	1692	55.883826804	37.423038669	2016-04-23T21:00:00.000Z	2016-04-24T20:45:00.000Z	24
9128	7	1654	55.798342337	37.955901939	2016-04-23T21:00:00.000Z	2016-04-24T20:45:00.000Z	279
9092	7	1276	55.771894116	37.37165935	2016-04-23T21:00:00.000Z	2016-04-24T20:45:00.000Z	82
8776	7	786	55.828739162	37.415794015	2016-04-23T21:00:00.000Z	2016-04-24T20:45:00.000Z	11
8678	7	1152	55.7915479	37.756922679	2016-04-23T21:00:00.000Z	2016-04-24T20:45:00.000Z	793
8877	7	1207	55.729435603	37.48157055	2016-04-23T21:00:00.000Z	2016-04-24T20:45:00.000Z	774
8902	7	1922	55.664884363	37.521035484	2016-04-23T21:00:00.000Z	2016-04-24T20:45:00.000Z	382
8982	7	1266	55.820131829	37.332795131	2016-04-23T21:00:00.000Z	2016-04-24T20:45:00.000Z	52
1854	7	0	55.727548328	37.3434218	2016-04-23T21:00:00.000Z	2016-04-24T20:45:00.000Z	30
9160	7	1705	55.611609491	37.547984673	2016-04-23T21:00:00.000Z	2016-04-24T20:45:00.000Z	351
9032	7	1880	55.652145012	37.471099931	2016-04-23T21:00:00.000Z	2016-04-24T20:45:00.000Z	190
9060	7	1417	55.619845191	37.707019983	2016-04-23T21:00:00.000Z	2016-04-24T20:45:00.000Z	366
9046	7	1454	55.589696882	37.67172608	2016-04-23T21:00:00.000Z	2016-04-24T20:45:00.000Z	261
8997	7	1473	55.846194636	37.44884936	2016-04-23T21:00:00.000Z	2016-04-24T20:45:00.000Z	263
9039	7	1400	55.82883555	37.56022337	2016-04-23T21:00:00.000Z	2016-04-24T20:45:00.000Z	105
8643	7	1123	55.791125591	37.640814297	2016-04-23T21:00:00.000Z	2016-04-24T20:45:00.000Z	204
8884	7	1204	55.968448952	37.413714332	2016-04-23T21:00:00.000Z	2016-04-24T20:45:00.000Z	771
1098	7	0	55.630164078	37.379743544	2016-04-23T21:00:00.000Z	2016-04-24T20:45:00.000Z	6
9110	7	1985	55.860157971	37.40681373	2016-04-23T21:00:00.000Z	2016-04-24T20:45:00.000Z	722
8999	7	1911	55.757576091	37.652783966	2016-04-23T21:00:00.000Z	2016-04-24T20:45:00.000Z	594
8281	7	446	55.58179696	37.90542407	2016-04-23T21:00:00.000Z	2016-04-24T20:45:00.000Z	36
9192	7	1644	55.697625057	37.338758355	2016-04-23T21:00:00.000Z	2016-04-24T20:45:00.000Z	22
4821	7	0	55.759722222	37.345833333	2016-04-23T21:00:00.000Z	2016-04-24T20:45:00.000Z	83
2589	7	0	55.640046125	37.32783524	2016-04-23T21:00:00.000Z	2016-04-24T20:45:00.000Z	17
8996	7	1604	55.798137086	37.705569422	2016-04-23T21:00:00.000Z	2016-04-24T20:45:00.000Z	234
9167	7	1731	55.854760022	37.711874679	2016-04-23T21:00:00.000Z	2016-04-24T20:45:00.000Z	111
8742	7	981	55.723780564	37.545284575	2016-04-23T21:00:00.000Z	2016-04-24T20:45:00.000Z	187
8912	7	1267	55.861162658	37.594149916	2016-04-23T21:00:00.000Z	2016-04-24T20:45:00.000Z	236
8648	7	1422	55.750714973	37.581074587	2016-04-23T21:00:00.000Z	2016-04-24T20:45:00.000Z	1044
8993	7	1947	55.720540196	37.66886096	2016-04-23T21:00:00.000Z	2016-04-24T20:45:00.000Z	415
8907	7	1259	55.703112884	37.519669234	2016-04-23T21:00:00.000Z	2016-04-24T20:45:00.000Z	913
9053	7	1996	55.901145875	37.388977062	2016-04-23T21:00:00.000Z	2016-04-24T20:45:00.000Z	330
8960	7	1469	55.865683361	37.47150581	2016-04-23T21:00:00.000Z	2016-04-24T20:45:00.000Z	57
7630	7	128	55.93012865	37.5152197	2016-04-23T21:00:00.000Z	2016-04-24T20:45:00.000Z	223
8961	7	1742	55.824606406	37.500618993	2016-04-23T21:00:00.000Z	2016-04-24T20:45:00.000Z	262
9272	7	1308	55.60185647	37.807602242	2016-04-23T21:00:00.000Z	2016-04-24T20:45:00.000Z	5
9048	7	1396	55.907439528	37.584236364	2016-04-23T21:00:00.000Z	2016-04-24T20:45:00.000Z	369
8941	7	1472	55.673312807	37.465748266	2016-04-23T21:00:00.000Z	2016-04-24T20:45:00.000Z	138
3386	7	0	55.65356	37.71214	2016-04-23T21:00:00.000Z	2016-04-24T20:45:00.000Z	32
9111	7	1149	55.876624537	37.506237364	2016-04-23T21:00:00.000Z	2016-04-24T20:45:00.000Z	58
9148	7	1965	55.773975744	37.542424395	2016-04-23T21:00:00.000Z	2016-04-24T20:45:00.000Z	213
9058	7	1599	55.732158849	37.726812875	2016-04-23T21:00:00.000Z	2016-04-24T20:45:00.000Z	33
8895	7	1582	55.809110683	37.633468281	2016-04-23T21:00:00.000Z	2016-04-24T20:45:00.000Z	78
9102	7	1169	55.915935642	37.863132717	2016-04-23T21:00:00.000Z	2016-04-24T20:45:00.000Z	79
8762	7	717	55.86053078	37.444577648	2016-04-23T21:00:00.000Z	2016-04-24T20:45:00.000Z	300
8914	7	1751	55.550717708	37.714447351	2016-04-23T21:00:00.000Z	2016-04-24T20:45:00.000Z	192
9156	7	1569	55.556208318	37.861918936	2016-04-23T21:00:00.000Z	2016-04-24T20:45:00.000Z	53
9066	7	1690	55.755485895	37.789475051	2016-04-23T21:00:00.000Z	2016-04-24T20:45:00.000Z	195
9123	7	1369	55.863980599	37.5534608	2016-04-23T21:00:00.000Z	2016-04-24T20:45:00.000Z	201
6758	7	60	55.7005192	37.716348384	2016-04-23T21:00:00.000Z	2016-04-24T20:45:00.000Z	21
1862	7	0	55.926717767	37.3968272	2016-04-23T21:00:00.000Z	2016-04-24T20:45:00.000Z	20
9164	7	1924	55.588504155	37.532242576	2016-04-23T21:00:00.000Z	2016-04-24T20:45:00.000Z	72
8955	7	885	55.867546182	37.673616834	2016-04-23T21:00:00.000Z	2016-04-24T20:45:00.000Z	95
8741	7	1411	55.793916697	37.557541795	2016-04-23T21:00:00.000Z	2016-04-24T20:45:00.000Z	101
8974	7	1528	55.882371658	37.685945211	2016-04-23T21:00:00.000Z	2016-04-24T20:45:00.000Z	107
8815	7	440	55.654187805	37.61330476	2016-04-23T21:00:00.000Z	2016-04-24T20:45:00.000Z	0
8095	7	194	55.944156648	37.53933441	2016-04-23T21:00:00.000Z	2016-04-24T20:45:00.000Z	12
9159	7	1657	55.683611891	37.709026376	2016-04-23T21:00:00.000Z	2016-04-24T20:45:00.000Z	93
8268	7	701	55.787749856	37.58065285	2016-04-23T21:00:00.000Z	2016-04-24T20:45:00.000Z	526
9023	7	1179	55.674360665	37.270665397	2016-04-23T21:00:00.000Z	2016-04-24T20:45:00.000Z	404
8173	7	449	55.682240049	37.623261523	2016-04-23T21:00:00.000Z	2016-04-24T20:45:00.000Z	13
8781	7	1602	55.712735075	37.595443996	2016-04-23T21:00:00.000Z	2016-04-24T20:45:00.000Z	890
9209	7	986	55.715568173	37.914586335	2016-04-23T21:00:00.000Z	2016-04-24T20:45:00.000Z	62
8836	7	1642	55.740818555	37.659280734	2016-04-23T21:00:00.000Z	2016-04-24T20:45:00.000Z	607
4526	7	0	55.928745326	37.241206169	2016-04-23T21:00:00.000Z	2016-04-24T20:45:00.000Z	43
9152	7	839	55.60524627	37.668461225	2016-04-23T21:00:00.000Z	2016-04-24T20:45:00.000Z	35
1642	7	0	55.806389413	37.322962064	2016-04-23T21:00:00.000Z	2016-04-24T20:45:00.000Z	212
9038	7	1714	55.685133776	37.872136932	2016-04-23T21:00:00.000Z	2016-04-24T20:45:00.000Z	250
9108	7	1549	55.63971418	37.710090569	2016-04-23T21:00:00.000Z	2016-04-24T20:45:00.000Z	89
9288	7	1376	55.861584475	37.79937241	2016-04-23T21:00:00.000Z	2016-04-24T20:45:00.000Z	246
9054	7	1738	55.717908522	37.512370743	2016-04-23T21:00:00.000Z	2016-04-24T20:45:00.000Z	340
9063	7	1686	55.757450896	37.81739082	2016-04-23T21:00:00.000Z	2016-04-24T20:45:00.000Z	543
9013	7	1528	55.691215477	37.491943653	2016-04-23T21:00:00.000Z	2016-04-24T20:45:00.000Z	96
3364	7	0	55.92389585	37.612513745	2016-04-23T21:00:00.000Z	2016-04-24T20:45:00.000Z	8
8538	7	1006	55.705291523	37.651614361	2016-04-23T21:00:00.000Z	2016-04-24T20:45:00.000Z	130
9001	7	1361	55.767647737	37.846831878	2016-04-23T21:00:00.000Z	2016-04-24T20:45:00.000Z	56
8849	7	1490	55.779107368	37.698709248	2016-04-23T21:00:00.000Z	2016-04-24T20:45:00.000Z	322
9140	7	1448	55.733607025	37.386891331	2016-04-23T21:00:00.000Z	2016-04-24T20:45:00.000Z	20
9141	7	1358	55.731341445	37.817842331	2016-04-23T21:00:00.000Z	2016-04-24T20:45:00.000Z	514
8876	7	1317	55.686981887	37.558676438	2016-04-23T21:00:00.000Z	2016-04-24T20:45:00.000Z	138
9174	7	1576	55.61392299	37.298451586	2016-04-23T21:00:00.000Z	2016-04-24T20:45:00.000Z	337
1459	7	0	55.690631439	37.250188599	2016-04-23T21:00:00.000Z	2016-04-24T20:45:00.000Z	39
8845	7	706	55.817831977	37.364324009	2016-04-23T21:00:00.000Z	2016-04-24T20:45:00.000Z	273
8415	7	879	55.781134666	37.597044572	2016-04-23T21:00:00.000Z	2016-04-24T20:45:00.000Z	223
9008	7	1161	55.760204365	37.448588732	2016-04-23T21:00:00.000Z	2016-04-24T20:45:00.000Z	26
8827	7	1822	55.66573754	37.486714062	2016-04-23T21:00:00.000Z	2016-04-24T20:45:00.000Z	354
9157	7	1972	55.64492048	37.54006989	2016-04-23T21:00:00.000Z	2016-04-24T20:45:00.000Z	102
9040	7	1341	55.717971512	37.798188949	2016-04-23T21:00:00.000Z	2016-04-24T20:45:00.000Z	195
8917	7	936	55.724330952	37.762810632	2016-04-23T21:00:00.000Z	2016-04-24T20:45:00.000Z	26
9037	7	1245	55.840780059	37.660959181	2016-04-23T21:00:00.000Z	2016-04-24T20:45:00.000Z	130
8857	7	1606	55.634880017	37.615085359	2016-04-23T21:00:00.000Z	2016-04-24T20:45:00.000Z	275
8800	7	797	55.686499452	37.298088618	2016-04-23T21:00:00.000Z	2016-04-24T20:45:00.000Z	75
9082	7	1647	55.577121145	37.609088298	2016-04-23T21:00:00.000Z	2016-04-24T20:45:00.000Z	103
8775	7	1044	55.850049724	37.475689271	2016-04-23T21:00:00.000Z	2016-04-24T20:45:00.000Z	102
2648	7	0	55.986102727	37.405398325	2016-04-23T21:00:00.000Z	2016-04-24T20:45:00.000Z	3
8890	7	490	55.849079264	37.680678559	2016-04-23T21:00:00.000Z	2016-04-24T20:45:00.000Z	5
4250	7	0	55.547826945	37.68366526	2016-04-23T21:00:00.000Z	2016-04-24T20:45:00.000Z	23
8826	7	772	55.903920602	37.424293746	2016-04-23T21:00:00.000Z	2016-04-24T20:45:00.000Z	93
4515	7	0	55.5049904	37.535544	2016-04-23T21:00:00.000Z	2016-04-24T20:45:00.000Z	12
8854	7	1255	55.811122685	37.554613862	2016-04-23T21:00:00.000Z	2016-04-24T20:45:00.000Z	68
8733	7	1516	55.771854727	37.656147768	2016-04-23T21:00:00.000Z	2016-04-24T20:45:00.000Z	522
9129	7	1039	55.588577198	37.385944923	2016-04-23T21:00:00.000Z	2016-04-24T20:45:00.000Z	151
9026	7	1558	55.79896817	37.778405876	2016-04-23T21:00:00.000Z	2016-04-24T20:45:00.000Z	91
9061	7	1417	55.624871333	37.676921708	2016-04-23T21:00:00.000Z	2016-04-24T20:45:00.000Z	1049
3306	7	0	55.7921861	37.836058	2016-04-23T21:00:00.000Z	2016-04-24T20:45:00.000Z	0
4423	7	0	55.90552	37.65965	2016-04-23T21:00:00.000Z	2016-04-24T20:45:00.000Z	18
8772	7	1116	55.672949966	37.77471248	2016-04-23T21:00:00.000Z	2016-04-24T20:45:00.000Z	308
8880	7	1852	55.742945272	37.548372592	2016-04-23T21:00:00.000Z	2016-04-24T20:45:00.000Z	3253
8612	7	1315	55.730966825	37.675958964	2016-04-23T21:00:00.000Z	2016-04-24T20:45:00.000Z	71
8944	7	1372	55.740719181	37.857096446	2016-04-23T21:00:00.000Z	2016-04-24T20:45:00.000Z	87
8866	7	1107	55.53794884	37.520728514	2016-04-23T21:00:00.000Z	2016-04-24T20:45:00.000Z	249
8983	7	1485	55.693700143	37.613420994	2016-04-23T21:00:00.000Z	2016-04-24T20:45:00.000Z	97
8853	7	1914	55.72216135	37.639277762	2016-04-23T21:00:00.000Z	2016-04-24T20:45:00.000Z	313
9198	7	960	55.610182337	37.481462418	2016-04-23T21:00:00.000Z	2016-04-24T20:45:00.000Z	163
9005	7	1675	55.776721612	37.719368222	2016-04-23T21:00:00.000Z	2016-04-24T20:45:00.000Z	49
4849	7	0	55.777	37.789	2016-04-23T21:00:00.000Z	2016-04-24T20:45:00.000Z	288
8966	7	1628	55.60848264	37.598740797	2016-04-23T21:00:00.000Z	2016-04-24T20:45:00.000Z	539
9106	7	1837	55.711277173	37.873826288	2016-04-23T21:00:00.000Z	2016-04-24T20:45:00.000Z	74
9267	7	1337	55.738145925	37.975232772	2016-04-23T21:00:00.000Z	2016-04-24T20:45:00.000Z	310
8759	7	1587	55.752592463	37.560991704	2016-04-23T21:00:00.000Z	2016-04-24T20:45:00.000Z	2368
9085	7	1600	55.698773139	37.780426691	2016-04-23T21:00:00.000Z	2016-04-24T20:45:00.000Z	642
8571	7	806	55.801341656	37.662160352	2016-04-23T21:00:00.000Z	2016-04-24T20:45:00.000Z	16
895	7	0	55.787186343	37.350465702	2016-04-23T21:00:00.000Z	2016-04-24T20:45:00.000Z	1
9068	7	1818	55.715887929	37.397949581	2016-04-23T21:00:00.000Z	2016-04-24T20:45:00.000Z	147
9071	7	1505	55.607828689	37.732086781	2016-04-23T21:00:00.000Z	2016-04-24T20:45:00.000Z	108
8977	7	1563	55.620304046	37.506615743	2016-04-23T21:00:00.000Z	2016-04-24T20:45:00.000Z	101
3060	7	0	55.560921442	37.360882926	2016-04-23T21:00:00.000Z	2016-04-24T20:45:00.000Z	3
9097	7	1682	55.709135713	37.47165439	2016-04-23T21:00:00.000Z	2016-04-24T20:45:00.000Z	54
9112	7	1833	55.913552151	37.749042708	2016-04-23T21:00:00.000Z	2016-04-24T20:45:00.000Z	390
8748	7	1420	55.765275604	37.640265684	2016-04-23T21:00:00.000Z	2016-04-24T20:45:00.000Z	1012
8842	7	1501	55.674488954	37.642604841	2016-04-23T21:00:00.000Z	2016-04-24T20:45:00.000Z	67
9154	7	1969	55.705264075	37.83328181	2016-04-23T21:00:00.000Z	2016-04-24T20:45:00.000Z	258
9107	7	1951	55.839926636	37.587827544	2016-04-23T21:00:00.000Z	2016-04-24T20:45:00.000Z	384
8859	7	903	55.847713185	37.610601903	2016-04-23T21:00:00.000Z	2016-04-24T20:45:00.000Z	211
9045	7	1832	55.822452559	37.965993593	2016-04-23T21:00:00.000Z	2016-04-24T20:45:00.000Z	315
8954	7	1832	55.789065977	37.616054052	2016-04-23T21:00:00.000Z	2016-04-24T20:45:00.000Z	1770
6158	7	34	55.596420056	37.2673995	2016-04-23T21:00:00.000Z	2016-04-24T20:45:00.000Z	194
8980	7	1326	55.777916567	37.493824296	2016-04-23T21:00:00.000Z	2016-04-24T20:45:00.000Z	30
4109	7	0	55.8775854	37.365046439	2016-04-23T21:00:00.000Z	2016-04-24T20:45:00.000Z	0
9042	7	1584	55.687898307	37.758095124	2016-04-23T21:00:00.000Z	2016-04-24T20:45:00.000Z	33
3304	7	0	55.88690125	37.93758382	2016-04-23T21:00:00.000Z	2016-04-24T20:45:00.000Z	5
8879	7	1431	55.684489549	37.576619467	2016-04-23T21:00:00.000Z	2016-04-24T20:45:00.000Z	135
8920	7	864	55.63277499	37.651386333	2016-04-23T21:00:00.000Z	2016-04-24T20:45:00.000Z	62
942	7	0	55.609930346	37.399874096	2016-04-23T21:00:00.000Z	2016-04-24T20:45:00.000Z	25
1778	7	0	55.899330737	37.48294166	2016-04-23T21:00:00.000Z	2016-04-24T20:45:00.000Z	101
9011	7	1286	55.748280341	37.713256104	2016-04-23T21:00:00.000Z	2016-04-24T20:45:00.000Z	45
9089	7	1325	55.921349857	37.794556841	2016-04-23T21:00:00.000Z	2016-04-24T20:45:00.000Z	44
8837	7	1580	55.833894424	37.477026815	2016-04-23T21:00:00.000Z	2016-04-24T20:45:00.000Z	319
9016	7	1598	55.734361293	37.511834141	2016-04-23T21:00:00.000Z	2016-04-24T20:45:00.000Z	1497
8874	7	479	55.670571452	37.862091678	2016-04-23T21:00:00.000Z	2016-04-24T20:45:00.000Z	11
8949	7	1466	55.744153445	37.486214723	2016-04-23T21:00:00.000Z	2016-04-24T20:45:00.000Z	376
9000	7	1956	55.827289293	37.618474955	2016-04-23T21:00:00.000Z	2016-04-24T20:45:00.000Z	1002
8968	7	1734	55.708621382	37.679038757	2016-04-23T21:00:00.000Z	2016-04-24T20:45:00.000Z	164
8936	7	1601	55.723919367	37.571297119	2016-04-23T21:00:00.000Z	2016-04-24T20:45:00.000Z	710
812	7	0	55.834131129	37.271601701	2016-04-23T21:00:00.000Z	2016-04-24T20:45:00.000Z	90
8930	7	1518	55.627023818	37.433483216	2016-04-23T21:00:00.000Z	2016-04-24T20:45:00.000Z	55
9144	7	1940	55.81994379	37.722312757	2016-04-23T21:00:00.000Z	2016-04-24T20:45:00.000Z	82
8975	7	1400	55.817494367	37.80978811	2016-04-23T21:00:00.000Z	2016-04-24T20:45:00.000Z	213
7953	7	168	55.988025443	37.675046373	2016-04-23T21:00:00.000Z	2016-04-24T20:45:00.000Z	3
9131	7	1287	55.503142551	37.578819021	2016-04-23T21:00:00.000Z	2016-04-24T20:45:00.000Z	65
8425	7	700	55.808298127	37.498256308	2016-04-23T21:00:00.000Z	2016-04-24T20:45:00.000Z	118
8926	7	515	55.675156603	37.442869442	2016-04-23T21:00:00.000Z	2016-04-24T20:45:00.000Z	50
8937	7	1451	55.707972007	37.578675467	2016-04-23T21:00:00.000Z	2016-04-24T20:45:00.000Z	225
9086	7	1722	55.751900003	37.517679647	2016-04-23T21:00:00.000Z	2016-04-24T20:45:00.000Z	152
9175	7	1468	55.94423905	37.276423094	2016-04-23T21:00:00.000Z	2016-04-24T20:45:00.000Z	140
8310	7	241	55.66520147	37.581142036	2016-04-23T21:00:00.000Z	2016-04-24T20:45:00.000Z	49
8403	7	560	55.888073704	37.388168379	2016-04-23T21:00:00.000Z	2016-04-24T20:45:00.000Z	54
9044	7	1811	55.714083939	37.449711846	2016-04-23T21:00:00.000Z	2016-04-24T20:45:00.000Z	79
9130	7	787	55.784097353	37.248490694	2016-04-23T21:00:00.000Z	2016-04-24T20:45:00.000Z	113
9236	7	1887	55.729098795	37.245027584	2016-04-23T21:00:00.000Z	2016-04-24T20:45:00.000Z	335
8655	7	644	55.779569455	37.527190489	2016-04-23T21:00:00.000Z	2016-04-24T20:45:00.000Z	43
9096	7	1569	55.892437125	37.45134697	2016-04-23T21:00:00.000Z	2016-04-24T20:45:00.000Z	1360
9052	7	1974	55.889219217	37.597147318	2016-04-23T21:00:00.000Z	2016-04-24T20:45:00.000Z	186
8979	7	1314	55.62974719	37.852000242	2016-04-23T21:00:00.000Z	2016-04-24T20:45:00.000Z	101
9197	7	1794	55.907214664	37.715189587	2016-04-23T21:00:00.000Z	2016-04-24T20:45:00.000Z	73
9024	7	996	55.652717918	37.851627274	2016-04-23T21:00:00.000Z	2016-04-24T20:45:00.000Z	377
8640	7	1024	55.765242814	37.559308583	2016-04-23T21:00:00.000Z	2016-04-24T20:45:00.000Z	414
8858	7	472	55.97008325	37.92817535	2016-04-23T21:00:00.000Z	2016-04-24T20:45:00.000Z	167
8587	7	861	55.812490352	37.652863128	2016-04-23T21:00:00.000Z	2016-04-24T20:45:00.000Z	42
9113	7	756	55.69104901	37.45469372	2016-04-23T21:00:00.000Z	2016-04-24T20:45:00.000Z	53
9020	7	1859	55.647056633	37.50513802	2016-04-23T21:00:00.000Z	2016-04-24T20:45:00.000Z	230
8962	7	1457	55.715957698	37.72889877	2016-04-23T21:00:00.000Z	2016-04-24T20:45:00.000Z	118
1995	7	0	55.89596917	37.63194826	2016-04-23T21:00:00.000Z	2016-04-24T20:45:00.000Z	0
8888	7	1541	55.727219425	37.596236259	2016-04-23T21:00:00.000Z	2016-04-24T20:45:00.000Z	4148
8817	7	1101	55.66619875	37.676250944	2016-04-23T21:00:00.000Z	2016-04-24T20:45:00.000Z	795
8978	7	1573	55.804252598	37.415602402	2016-04-23T21:00:00.000Z	2016-04-24T20:45:00.000Z	85
8950	7	1826	55.75059433	37.673561252	2016-04-23T21:00:00.000Z	2016-04-24T20:45:00.000Z	1366
8915	7	1190	55.799915428	37.734903022	2016-04-23T21:00:00.000Z	2016-04-24T20:45:00.000Z	66
9133	7	1744	55.645557794	37.350340121	2016-04-23T21:00:00.000Z	2016-04-24T20:45:00.000Z	213
8952	7	1793	55.654679588	37.585054084	2016-04-23T21:00:00.000Z	2016-04-24T20:45:00.000Z	137
2253	7	0	55.55923	37.25301	2016-04-23T21:00:00.000Z	2016-04-24T20:45:00.000Z	15
1339	7	0	55.95104	37.41186	2016-04-23T21:00:00.000Z	2016-04-24T20:45:00.000Z	0
8981	7	1607	55.938935283	37.49560347	2016-04-23T21:00:00.000Z	2016-04-24T20:45:00.000Z	51
8932	7	1665	55.813221802	37.584888772	2016-04-23T21:00:00.000Z	2016-04-24T20:45:00.000Z	769
8919	7	1073	55.726668328	37.696446564	2016-04-23T21:00:00.000Z	2016-04-24T20:45:00.000Z	102
8657	7	1057	55.79992132	37.53865735	2016-04-23T21:00:00.000Z	2016-04-24T20:45:00.000Z	230
8753	7	1210	55.776847586	37.633760612	2016-04-23T21:00:00.000Z	2016-04-24T20:45:00.000Z	1169
8969	7	1549	55.826381257	37.440497328	2016-04-23T21:00:00.000Z	2016-04-24T20:45:00.000Z	76
8939	7	1397	55.76894638	37.414743949	2016-04-23T21:00:00.000Z	2016-04-24T20:45:00.000Z	29
8767	7	1342	55.769864438	37.677077307	2016-04-23T21:00:00.000Z	2016-04-24T20:45:00.000Z	176
8922	7	1038	55.679084932	37.507355237	2016-04-23T21:00:00.000Z	2016-04-24T20:45:00.000Z	203
9035	7	1488	55.884560482	37.65041389	2016-04-23T21:00:00.000Z	2016-04-24T20:45:00.000Z	136
8995	7	1673	55.814817609	37.686720223	2016-04-23T21:00:00.000Z	2016-04-24T20:45:00.000Z	30
8839	7	1776	55.725593483	37.615745047	2016-04-23T21:00:00.000Z	2016-04-24T20:45:00.000Z	319
8953	7	1147	55.691538776	37.90069317	2016-04-23T21:00:00.000Z	2016-04-24T20:45:00.000Z	383
8187	7	215	55.736304626	37.458052917	2016-04-23T21:00:00.000Z	2016-04-24T20:45:00.000Z	36
8170	7	211	55.78912271	37.80963561	2016-04-23T21:00:00.000Z	2016-04-24T20:45:00.000Z	254
9241	7	1685	55.583111461	37.744472054	2016-04-23T21:00:00.000Z	2016-04-24T20:45:00.000Z	257
3704	7	0	55.85347133	37.31544566	2016-04-23T21:00:00.000Z	2016-04-24T20:45:00.000Z	0
9015	7	1338	55.820021105	37.760382171	2016-04-23T21:00:00.000Z	2016-04-24T20:45:00.000Z	78
8570	7	320	55.507714574	37.776360426	2016-04-23T21:00:00.000Z	2016-04-24T20:45:00.000Z	46
9076	7	1777	55.764595259	37.744399456	2016-04-23T21:00:00.000Z	2016-04-24T20:45:00.000Z	108
8916	7	1826	55.829992814	37.528372803	2016-04-23T21:00:00.000Z	2016-04-24T20:45:00.000Z	117
8736	7	1862	55.770662103	37.607933048	2016-04-23T21:00:00.000Z	2016-04-24T20:45:00.000Z	2438
9059	7	1976	55.811465756	37.460183463	2016-04-23T21:00:00.000Z	2016-04-24T20:45:00.000Z	133
9010	7	1878	55.658816683	37.746023821	2016-04-23T21:00:00.000Z	2016-04-24T20:45:00.000Z	190
9296	7	1517	55.653999803	37.926528392	2016-04-23T21:00:00.000Z	2016-04-24T20:45:00.000Z	63
9244	7	1179	55.881336897	37.286875761	2016-04-23T21:00:00.000Z	2016-04-24T20:45:00.000Z	33
8927	7	1036	55.819437129	37.873393507	2016-04-23T21:00:00.000Z	2016-04-24T20:45:00.000Z	50
9028	7	1104	55.782399403	37.432675803	2016-04-23T21:00:00.000Z	2016-04-24T20:45:00.000Z	352
8945	7	1380	55.730163662	37.426439321	2016-04-23T21:00:00.000Z	2016-04-24T20:45:00.000Z	45
8931	7	1397	55.785316519	37.464917674	2016-04-23T21:00:00.000Z	2016-04-24T20:45:00.000Z	135
8785	7	1225	55.677529073	37.543570643	2016-04-23T21:00:00.000Z	2016-04-24T20:45:00.000Z	202
9078	7	1044	55.663010489	37.64034729	2016-04-23T21:00:00.000Z	2016-04-24T20:45:00.000Z	93
8673	7	1259	55.748257005	37.62575248	2016-04-23T21:00:00.000Z	2016-04-24T20:45:00.000Z	24802
2852	7	0	55.631505667	37.7399461	2016-04-23T21:00:00.000Z	2016-04-24T20:45:00.000Z	4
8331	7	424	55.790052066	37.884258057	2016-04-23T21:00:00.000Z	2016-04-24T20:45:00.000Z	88
8816	7	684	55.746109881	37.772228253	2016-04-23T21:00:00.000Z	2016-04-24T20:45:00.000Z	76
8419	7	443	55.878658764	37.725050895	2016-04-23T21:00:00.000Z	2016-04-24T20:45:00.000Z	39
9091	7	1518	55.595367452	37.61777676	2016-04-23T21:00:00.000Z	2016-04-24T20:45:00.000Z	299
9132	7	1793	55.793018983	37.287461884	2016-04-23T21:00:00.000Z	2016-04-24T20:45:00.000Z	243
3596	7	0	55.9667	37.8667	2016-04-23T21:00:00.000Z	2016-04-24T20:45:00.000Z	10
8689	7	552	55.622859692	37.610464931	2016-04-23T21:00:00.000Z	2016-04-24T20:45:00.000Z	67
9186	7	1163	55.685889292	37.386868651	2016-04-23T21:00:00.000Z	2016-04-24T20:45:00.000Z	9
8314	7	394	55.877187712	37.559288883	2016-04-23T21:00:00.000Z	2016-04-24T20:45:00.000Z	41
1291	7	0	55.634995403	37.812051989	2016-04-23T21:00:00.000Z	2016-04-24T20:45:00.000Z	17
9330	7	1876	55.921728139	37.952146028	2016-04-23T21:00:00.000Z	2016-04-24T20:45:00.000Z	73
9065	7	1661	55.706520178	37.555997634	2016-04-23T21:00:00.000Z	2016-04-24T20:45:00.000Z	1670
8810	7	1663	55.777349953	37.581221979	2016-04-23T21:00:00.000Z	2016-04-24T20:45:00.000Z	390
9049	7	1368	55.818468639	37.396862334	2016-04-23T21:00:00.000Z	2016-04-24T20:45:00.000Z	1673
8934	7	1701	55.56750738	37.57667174	2016-04-23T21:00:00.000Z	2016-04-24T20:45:00.000Z	748
438	7	0	55.739730601	37.688530869	2016-04-23T21:00:00.000Z	2016-04-24T20:45:00.000Z	4
8918	7	1709	55.802296959	37.810462721	2016-04-23T21:00:00.000Z	2016-04-24T20:45:00.000Z	85
717	7	0	55.514086503	37.335310011	2016-04-23T21:00:00.000Z	2016-04-24T20:45:00.000Z	6
8756	7	1239	55.69335434	37.539534403	2016-04-23T21:00:00.000Z	2016-04-24T20:45:00.000Z	341
8959	7	1366	55.648563981	37.658639198	2016-04-23T21:00:00.000Z	2016-04-24T20:45:00.000Z	182
8861	7	1602	55.736466784	37.638357335	2016-04-23T21:00:00.000Z	2016-04-24T20:45:00.000Z	868
9115	7	1434	55.603697181	37.341220583	2016-04-23T21:00:00.000Z	2016-04-24T20:45:00.000Z	122
3007	7	0	55.94673214	37.799047055	2016-04-23T21:00:00.000Z	2016-04-24T20:45:00.000Z	15
8840	7	1414	55.668123585	37.559542933	2016-04-23T21:00:00.000Z	2016-04-24T20:45:00.000Z	239
8337	7	321	55.823532345	37.59362459	2016-04-23T21:00:00.000Z	2016-04-24T20:45:00.000Z	11
9190	7	935	55.719349164	37.279129054	2016-04-23T21:00:00.000Z	2016-04-24T20:45:00.000Z	69
9022	7	1869	55.768128694	37.480649678	2016-04-23T21:00:00.000Z	2016-04-24T20:45:00.000Z	197
8599	7	336	55.8663708	37.62902575	2016-04-23T21:00:00.000Z	2016-04-24T20:45:00.000Z	6
8897	7	1437	55.739543072	37.577654086	2016-04-23T21:00:00.000Z	2016-04-24T20:45:00.000Z	811
1691	7	0	55.970841046	37.537707638	2016-04-23T21:00:00.000Z	2016-04-24T20:45:00.000Z	33
8357	7	511	55.805427493	37.615269264	2016-04-23T21:00:00.000Z	2016-04-24T20:45:00.000Z	18
9098	7	1290	55.638805752	37.761255122	2016-04-23T21:00:00.000Z	2016-04-24T20:45:00.000Z	40
8501	7	295	55.712957495	37.748181077	2016-04-23T21:00:00.000Z	2016-04-24T20:45:00.000Z	67
9180	7	1751	55.896842643	37.551392207	2016-04-23T21:00:00.000Z	2016-04-24T20:45:00.000Z	82
8506	7	806	55.758990448	37.573151762	2016-04-23T21:00:00.000Z	2016-04-24T20:45:00.000Z	1262
8731	7	1027	55.571854873	37.480619298	2016-04-23T21:00:00.000Z	2016-04-24T20:45:00.000Z	164
8869	7	889	55.547866379	37.546686613	2016-04-23T21:00:00.000Z	2016-04-24T20:45:00.000Z	302
8482	7	355	55.915537373	37.821651414	2016-04-23T21:00:00.000Z	2016-04-24T20:45:00.000Z	45
3322	7	0	55.75260825	37.2887737	2016-04-23T21:00:00.000Z	2016-04-24T20:45:00.000Z	12
8991	7	1011	55.614967117	37.748586229	2016-04-23T21:00:00.000Z	2016-04-24T20:45:00.000Z	99
8743	7	1047	55.797460404	37.59198184	2016-04-23T21:00:00.000Z	2016-04-24T20:45:00.000Z	51
8958	7	623	55.563868262	37.441183688	2016-04-23T21:00:00.000Z	2016-04-24T20:45:00.000Z	12
8938	7	1641	55.676125375	37.607176442	2016-04-23T21:00:00.000Z	2016-04-24T20:45:00.000Z	86
8963	7	1539	55.789034384	37.526993563	2016-04-23T21:00:00.000Z	2016-04-24T20:45:00.000Z	790
8624	7	961	55.707656511	37.620050543	2016-04-23T21:00:00.000Z	2016-04-24T20:45:00.000Z	303
8698	7	1354	55.739241508	37.611678836	2016-04-23T21:00:00.000Z	2016-04-24T20:45:00.000Z	4315
9093	7	1796	55.7977516	37.48384422	2016-04-23T21:00:00.000Z	2016-04-24T20:45:00.000Z	72
9012	7	1536	55.754462736	37.876432026	2016-04-23T21:00:00.000Z	2016-04-24T20:45:00.000Z	472
9057	7	1951	55.857744935	37.505426462	2016-04-23T21:00:00.000Z	2016-04-24T20:45:00.000Z	64
8948	7	1041	55.808138435	37.836174407	2016-04-23T21:00:00.000Z	2016-04-24T20:45:00.000Z	20
9017	7	1300	55.835015364	37.316789023	2016-04-23T21:00:00.000Z	2016-04-24T20:45:00.000Z	251
578	7	0	55.57705706	37.648435654	2016-04-23T21:00:00.000Z	2016-04-24T20:45:00.000Z	4
8864	7	1667	55.802825799	37.517135535	2016-04-23T21:00:00.000Z	2016-04-24T20:45:00.000Z	578
9083	7	1898	55.748556581	37.416078811	2016-04-23T21:00:00.000Z	2016-04-24T20:45:00.000Z	567
8848	7	1844	55.747392516	37.599195875	2016-04-23T21:00:00.000Z	2016-04-24T20:45:00.000Z	3642
